# ORB-SLAM3 monocular per-frame trajectory, TUM format
# timestamp tx ty tz qx qy qz qw   (Twc: camera-to-world)
3.864911371 -0.027760988 -0.020108186 0.083585232 -0.000393973 -0.009886283 -0.002830910 0.999947071
3.898229572 -0.029811256 -0.021979125 0.091149263 -0.000469459 -0.011153208 -0.003053826 0.999933064
3.931547773 -0.032612573 -0.023620198 0.099478953 -0.000249435 -0.012039709 -0.003474328 0.999921441
3.964865975 -0.035688136 -0.025459606 0.107032821 -0.000143327 -0.012734561 -0.004261109 0.999909818
3.998184176 -0.038616080 -0.027040705 0.115064032 0.000080433 -0.013572494 -0.004792385 0.999896407
4.031502378 -0.041595045 -0.029099321 0.121973746 -0.000084804 -0.014336968 -0.004855716 0.999885440
4.064820579 -0.044595104 -0.030820100 0.128750503 -0.000009973 -0.015009608 -0.005285385 0.999873400
4.098138781 -0.047287166 -0.032458592 0.136811063 0.000202110 -0.016022151 -0.005752089 0.999855101
4.131456982 -0.050096184 -0.034793060 0.144864932 -0.000003635 -0.017143752 -0.006058459 0.999834716
4.164775184 -0.052729238 -0.036235791 0.153706744 0.000428413 -0.018466491 -0.006873420 0.999805748
4.198093385 -0.056058947 -0.038099598 0.162070036 0.000531292 -0.019398881 -0.006986844 0.999787271
4.231411587 -0.058754094 -0.039447796 0.170805126 0.001009743 -0.020693416 -0.008057935 0.999752939
4.264729788 -0.061564554 -0.040755756 0.178909615 0.001532260 -0.021746833 -0.008608087 0.999725282
4.298047990 -0.064280346 -0.044245698 0.186666876 0.000579764 -0.022909526 -0.008968620 0.999697149
4.331366191 -0.067396574 -0.045556270 0.194059789 0.001021460 -0.023795333 -0.009372856 0.999672413
4.364684393 -0.069673888 -0.046937507 0.202590510 0.001477451 -0.025345359 -0.010282250 0.999624848
4.398002594 -0.072468787 -0.049108237 0.210487232 0.001283596 -0.026475394 -0.010544123 0.999593019
4.431320796 -0.075854845 -0.051376808 0.217114970 0.000986418 -0.027100094 -0.010832918 0.999573588
4.464638997 -0.078817323 -0.052984837 0.225678518 0.001239219 -0.028312687 -0.011205995 0.999535561
4.497957198 -0.081604280 -0.054651111 0.233590916 0.001379624 -0.029424796 -0.011712664 0.999497414
4.531275400 -0.084133513 -0.056754477 0.240653828 0.001207903 -0.030620264 -0.012090892 0.999457240
4.564593601 -0.086623222 -0.058328070 0.247633666 0.001398305 -0.031790171 -0.012760965 0.999412119
4.597911803 -0.089764990 -0.059927624 0.254605740 0.001552514 -0.032521695 -0.013156252 0.999383271
4.631230004 -0.092263050 -0.061634075 0.261838973 0.001483778 -0.033809479 -0.013248301 0.999339402
4.664548206 -0.094666481 -0.063415036 0.268463045 0.001440373 -0.034979787 -0.013539203 0.999295294
4.697866407 -0.097323023 -0.064852349 0.273528099 0.001389331 -0.035666693 -0.013644084 0.999269605
4.731184609 -0.100214697 -0.066665269 0.279832214 0.001354253 -0.036522873 -0.013949637 0.999234557
4.764502810 -0.103589647 -0.068818331 0.287410915 0.001015837 -0.037331525 -0.013621643 0.999209642
4.797821012 -0.106472671 -0.070291959 0.295496851 0.001275551 -0.038801663 -0.014050015 0.999147356
4.831139213 -0.109553091 -0.072262347 0.303295076 0.001066883 -0.040053770 -0.013949048 0.999099612
4.864457415 -0.112902649 -0.074048817 0.309643120 0.000948911 -0.041083366 -0.014016471 0.999056995
4.897775616 -0.116005331 -0.076051943 0.315532565 0.000757436 -0.042106844 -0.013885034 0.999016345
4.931093818 -0.119585365 -0.078051612 0.323027223 0.000576837 -0.043211725 -0.013985723 0.998967886
4.964412019 -0.123004615 -0.079457693 0.329270899 0.000697607 -0.043886751 -0.013885814 0.998939753
4.997730220 -0.126108065 -0.081129313 0.336371332 0.000547104 -0.045213368 -0.013756446 0.998882473
5.031048422 -0.128936768 -0.083104074 0.341806889 0.000513057 -0.046157137 -0.014309506 0.998831570
5.064366623 -0.131862074 -0.084810548 0.349095941 0.000122441 -0.047439583 -0.013742104 0.998779595
5.097684825 -0.135288581 -0.086478926 0.355429143 0.000004688 -0.047964152 -0.013565555 0.998756945
5.131003026 -0.138233781 -0.088127024 0.360600233 -0.000135873 -0.048730552 -0.013471241 0.998721123
5.164321228 -0.141871706 -0.090357706 0.368650258 -0.000273085 -0.049585789 -0.013668926 0.998676300
5.197639429 -0.144729793 -0.092113189 0.374329656 -0.000369432 -0.050381552 -0.013863432 0.998633742
5.230957631 -0.147608578 -0.093752176 0.380583197 -0.000284367 -0.051258497 -0.013994099 0.998587370
5.264275832 -0.150403097 -0.096170641 0.387005001 -0.001273755 -0.052398119 -0.013098701 0.998539567
5.297594034 -0.153882653 -0.098054878 0.393099219 -0.001567720 -0.052996472 -0.012826796 0.998511076
5.330912235 -0.156807870 -0.099750303 0.400228381 -0.001429959 -0.053999405 -0.013173401 0.998453081
5.364230437 -0.160628885 -0.101769902 0.406461090 -0.001161151 -0.054249521 -0.014507020 0.998421371
5.397548638 -0.163822785 -0.103587911 0.413150728 -0.001394980 -0.055192236 -0.014203926 0.998373806
5.430866840 -0.166917473 -0.105129465 0.419636130 -0.001100757 -0.055892121 -0.014694214 0.998328090
5.464185041 -0.170951933 -0.107681029 0.426313937 -0.001584943 -0.056411501 -0.015199028 0.998290658
5.497503243 -0.174136728 -0.109152123 0.432972401 -0.001142344 -0.057106391 -0.015969213 0.998239756
5.530821444 -0.177558959 -0.111202076 0.440911770 -0.001258314 -0.058120046 -0.015814774 0.998183548
5.564139645 -0.181114316 -0.113164060 0.447773457 -0.001092070 -0.058738459 -0.017276246 0.998123348
5.597457847 -0.184429720 -0.114710160 0.454319566 -0.001008001 -0.059434563 -0.017368905 0.998080611
5.630776048 -0.187515691 -0.116132513 0.460544944 -0.000785282 -0.060192317 -0.017747009 0.998028755
5.664094250 -0.190888658 -0.117608480 0.466006309 -0.000556363 -0.060540188 -0.018472577 0.997994721
5.697412451 -0.193945274 -0.119369388 0.472003073 -0.000717335 -0.061373241 -0.018724930 0.997938991
5.730730653 -0.197380617 -0.121097624 0.478367746 -0.001036994 -0.062034234 -0.017915014 0.997912705
5.764048854 -0.200561881 -0.123017021 0.484817266 -0.001396237 -0.062849544 -0.017723292 0.997864664
5.797367056 -0.203734070 -0.124901153 0.491440624 -0.001578787 -0.063738354 -0.017874479 0.997805297
5.830685257 -0.207080543 -0.126496479 0.497610092 -0.001704462 -0.064395547 -0.017536886 0.997768879
5.864003459 -0.210727915 -0.128277987 0.504709184 -0.001470238 -0.064916193 -0.018571464 0.997716844
5.897321660 -0.214158982 -0.130105019 0.511950970 -0.001573669 -0.065753952 -0.018721109 0.997658968
5.930639862 -0.217336297 -0.131683052 0.517640710 -0.001693939 -0.066237524 -0.018632423 0.997628450
5.963958063 -0.221032917 -0.133875534 0.525211453 -0.002204723 -0.067032441 -0.018178241 0.997582734
5.997276265 -0.224415377 -0.135419071 0.532378018 -0.001864391 -0.067651145 -0.018787423 0.997530401
6.030594466 -0.227808043 -0.137484774 0.539860904 -0.002188056 -0.068428993 -0.018721491 0.997477889
6.063912668 -0.231891841 -0.139374331 0.548991084 -0.002387876 -0.069173448 -0.018381253 0.997432470
6.097230869 -0.235242143 -0.141361862 0.555494964 -0.002662087 -0.069786057 -0.018414069 0.997388482
6.130549070 -0.238323420 -0.143176317 0.560611725 -0.003350048 -0.070393264 -0.016718199 0.997373581
6.163867272 -0.243586421 -0.144008487 0.570930719 -0.002484699 -0.070638344 -0.018073963 0.997335136
6.197185473 -0.245228112 -0.145133495 0.575624704 -0.002301892 -0.071690850 -0.018271398 0.997256875
6.230503675 -0.248606741 -0.146045610 0.582361639 -0.001968982 -0.072287679 -0.018217742 0.997215509
6.263821876 -0.252553493 -0.147396967 0.590396047 -0.002275785 -0.072954290 -0.017160110 0.997185051
6.297140078 -0.256736189 -0.148315385 0.597102821 -0.001846448 -0.073141083 -0.017341616 0.997169137
6.330458279 -0.259860694 -0.150193691 0.601557672 -0.001673491 -0.073186800 -0.018956957 0.997136652
6.363776481 -0.263173848 -0.152358860 0.607084811 -0.002434420 -0.073600873 -0.018083062 0.997120857
6.397094682 -0.265744269 -0.155128315 0.610206604 -0.003539919 -0.073913150 -0.017434971 0.997106016
6.430412884 -0.269465297 -0.156348094 0.619151473 -0.003421151 -0.074594207 -0.017007064 0.997063100
6.463731085 -0.272860736 -0.157763049 0.623379946 -0.003268633 -0.074429981 -0.017663212 0.997064471
6.497049287 -0.276201010 -0.158741429 0.627806306 -0.002901699 -0.074324206 -0.018065035 0.997066319
6.530367488 -0.279905766 -0.161212951 0.634476960 -0.003662232 -0.074565329 -0.017402414 0.997057557
6.563685690 -0.282910943 -0.162826732 0.643450022 -0.004019747 -0.075674914 -0.016110810 0.996994257
6.597003891 -0.284250140 -0.163724542 0.646369338 -0.004267571 -0.076226644 -0.015526555 0.996960521
6.630322093 -0.287191272 -0.164724201 0.653147340 -0.004039681 -0.076684020 -0.014837264 0.996936917
6.663640294 -0.291106135 -0.166647539 0.659310877 -0.003986740 -0.076533936 -0.015480775 0.996938825
6.696958495 -0.294002861 -0.168283880 0.664738953 -0.004066829 -0.076730728 -0.015375851 0.996924996
6.730276697 -0.296357334 -0.169082299 0.667860448 -0.003845278 -0.076718263 -0.015677376 0.996922135
6.763594898 -0.299930990 -0.170611277 0.673799753 -0.003661872 -0.076482713 -0.016403487 0.996929288
6.796913100 -0.303487152 -0.172236517 0.681053340 -0.003731870 -0.076625399 -0.016205201 0.996921301
6.830231301 -0.305783182 -0.174154088 0.685568750 -0.004111788 -0.076739684 -0.015290289 0.996925414
6.863549503 -0.309549510 -0.176551595 0.692566872 -0.004725688 -0.076797426 -0.014253506 0.996933639
6.896867704 -0.312159777 -0.177887619 0.696740866 -0.004569640 -0.076649733 -0.014385111 0.996943831
6.930185906 -0.315279037 -0.179106593 0.702778757 -0.004284422 -0.076506607 -0.014635567 0.996952474
6.963504107 -0.318755001 -0.180539206 0.708491206 -0.004015679 -0.076101325 -0.015108611 0.996977568
6.996822309 -0.321876943 -0.183686092 0.712585330 -0.005001618 -0.075663798 -0.014769891 0.997011423
7.030140510 -0.325173646 -0.183489785 0.715863645 -0.004005929 -0.074855886 -0.015041331 0.997072875
7.063458712 -0.327462047 -0.183725357 0.721431017 -0.003269982 -0.074910045 -0.015857730 0.997058868
7.096776913 -0.330668122 -0.184919462 0.728685141 -0.003022691 -0.074883021 -0.015801262 0.997062564
7.130095115 -0.333813190 -0.186226368 0.734790623 -0.002916389 -0.074651480 -0.015435534 0.997085989
7.163413316 -0.336973608 -0.187883928 0.738204718 -0.003152961 -0.073959447 -0.015124840 0.997141600
7.196731518 -0.338254690 -0.187489986 0.740039349 -0.002193817 -0.073724851 -0.016101193 0.997146249
7.230049719 -0.340896517 -0.188605502 0.744875669 -0.001981797 -0.073369026 -0.016198432 0.997171342
7.263367920 -0.344173431 -0.190258950 0.748644710 -0.001914331 -0.072328031 -0.017187994 0.997230947
7.296686122 -0.346473783 -0.191335902 0.754562736 -0.001799860 -0.072211102 -0.016577547 0.997249961
7.330004323 -0.347277969 -0.192051679 0.754928529 -0.001436154 -0.071870677 -0.018265270 0.997245669
7.363322525 -0.350134939 -0.192933634 0.760767817 -0.001189541 -0.071567141 -0.017477088 0.997281969
7.396640726 -0.353203744 -0.194378644 0.765601039 -0.001082534 -0.070774473 -0.017777748 0.997333348
7.429958928 -0.356291682 -0.195134819 0.771036685 -0.000899664 -0.070268169 -0.017033666 0.997382343
7.463277129 -0.358609200 -0.196884364 0.777830958 -0.000383353 -0.070510514 -0.018159064 0.997345686
7.496595331 -0.361208111 -0.198347718 0.782681525 -0.000577598 -0.070072420 -0.017684385 0.997384965
7.529913532 -0.364201277 -0.199973643 0.786960363 -0.000838231 -0.069190644 -0.017287180 0.997453332
7.563231734 -0.366886377 -0.200806573 0.792844653 -0.000528808 -0.068727463 -0.016683444 0.997495830
7.596549935 -0.369221300 -0.202321827 0.797520041 -0.000044551 -0.068296738 -0.017733231 0.997507453
7.629868137 -0.372097939 -0.203454807 0.802455842 0.000009885 -0.067530394 -0.017374365 0.997565925
7.663186338 -0.372816831 -0.204284012 0.806456029 0.000531399 -0.067749120 -0.018085526 0.997538328
7.696504540 -0.375152528 -0.205605686 0.812244296 0.000463237 -0.067252733 -0.017320981 0.997585535
7.729822741 -0.377927631 -0.206942245 0.816735566 0.000503935 -0.066321909 -0.017347729 0.997647345
7.763140942 -0.380659878 -0.208202347 0.821302593 0.000637443 -0.065380394 -0.016993739 0.997715473
7.796459144 -0.382828057 -0.209458038 0.825914025 0.000652309 -0.064602748 -0.016768424 0.997769952
7.829777345 -0.385515928 -0.210650757 0.832783103 0.001193788 -0.064284228 -0.017130619 0.997783899
7.863095547 -0.387804151 -0.211898491 0.836178899 0.001236513 -0.063157722 -0.017414305 0.997850895
7.896413748 -0.389977008 -0.213365898 0.840942442 0.001277872 -0.062273700 -0.016869646 0.997915745
7.929731950 -0.391820818 -0.214246675 0.845957875 0.001706005 -0.061684117 -0.017513769 0.997940600
7.963050151 -0.394132495 -0.215304449 0.850640774 0.001786329 -0.060753260 -0.017096248 0.998004794
7.996368353 -0.395807326 -0.216807827 0.851500869 0.001546639 -0.059413772 -0.017218441 0.998083711
8.029686554 -0.397216231 -0.217145592 0.858138680 0.002216691 -0.059214089 -0.017282028 0.998093247
8.063004756 -0.400046617 -0.218650982 0.863376975 0.002131361 -0.058274120 -0.017050289 0.998152733
8.096322957 -0.402476519 -0.219888851 0.866924763 0.002289755 -0.056948062 -0.017441170 0.998222172
8.129641159 -0.404738843 -0.221009806 0.872033358 0.002390910 -0.056096278 -0.016873598 0.998279929
8.162959360 -0.405978143 -0.222086072 0.875977099 0.002427878 -0.055653252 -0.016743472 0.998306811
8.196277562 -0.408543497 -0.223428935 0.881289840 0.002469679 -0.054677118 -0.016351875 0.998367131
8.229595763 -0.410468847 -0.224611387 0.885098934 0.002405371 -0.053820137 -0.016029527 0.998419106
8.262913965 -0.412024289 -0.225747973 0.888340890 0.002517269 -0.052982267 -0.015800336 0.998467267
8.296232166 -0.414603859 -0.226841703 0.893928111 0.002685099 -0.052041970 -0.015412054 0.998522341
8.329550367 -0.415679812 -0.228053540 0.895906746 0.002467583 -0.051111951 -0.015403511 0.998571098
8.362868569 -0.417403817 -0.228721216 0.899163783 0.002611887 -0.050102286 -0.015532403 0.998619914
8.396186770 -0.418795556 -0.229811430 0.900939703 0.002628599 -0.048958536 -0.015421428 0.998678327
8.429504972 -0.421171069 -0.231704414 0.907956362 0.002777955 -0.048611909 -0.015647704 0.998691320
8.462823173 -0.423747987 -0.232793495 0.913202286 0.002982286 -0.047369178 -0.016121250 0.998742878
8.496141375 -0.425377667 -0.233750507 0.914953053 0.003062960 -0.046212960 -0.016428933 0.998791814
8.529459576 -0.426087707 -0.234312549 0.918631017 0.003143992 -0.045755029 -0.015567147 0.998826444
8.562777778 -0.428282917 -0.235507160 0.923011005 0.003240204 -0.044627637 -0.015851006 0.998872697
8.596095979 -0.429373622 -0.236229882 0.926983178 0.003240393 -0.044345316 -0.014457322 0.998906374
8.629414181 -0.431882590 -0.237498388 0.932177663 0.003261086 -0.043237854 -0.014542365 0.998953700
8.662732382 -0.433093011 -0.238422632 0.935818195 0.003293210 -0.042664919 -0.013325551 0.998995185
8.696050584 -0.434859484 -0.239970967 0.938889742 0.003434652 -0.041647010 -0.014774226 0.999017239
8.729368785 -0.436504275 -0.240759015 0.943203986 0.003502703 -0.040896162 -0.013915137 0.999060392
8.762686987 -0.438883662 -0.241996855 0.947115898 0.003512403 -0.039494928 -0.014383850 0.999110103
8.796005188 -0.440940946 -0.243369862 0.951155186 0.003612024 -0.038362280 -0.014823706 0.999147415
8.829323390 -0.442327201 -0.244203269 0.954122126 0.003755088 -0.037368480 -0.014848949 0.999184191
8.862641591 -0.443745345 -0.244865000 0.957869291 0.003939336 -0.036434412 -0.014172784 0.999227822
8.895959792 -0.446330994 -0.246164277 0.961751819 0.004047330 -0.034827769 -0.014712452 0.999276876
8.929277994 -0.447459638 -0.246878937 0.963706195 0.004219602 -0.033661265 -0.015052188 0.999311030
8.962596195 -0.449371219 -0.247753873 0.967359662 0.004269178 -0.032404389 -0.014735100 0.999357104
8.995914397 -0.450907499 -0.248958752 0.970739722 0.004239235 -0.031399872 -0.014225129 0.999396682
9.029232598 -0.452005565 -0.249638185 0.972231805 0.004327860 -0.030157330 -0.015017446 0.999422967
9.062550800 -0.453724056 -0.250383496 0.976439357 0.004665003 -0.029033607 -0.015177861 0.999452353
9.095869001 -0.455137670 -0.251585573 0.978404880 0.004513504 -0.028011765 -0.014992230 0.999485016
9.129187203 -0.456603020 -0.252814263 0.982445002 0.004406405 -0.027127651 -0.014667091 0.999514639
9.162505404 -0.458856702 -0.253645658 0.986264825 0.004660633 -0.025724594 -0.015196979 0.999542713
9.195823606 -0.460134149 -0.254912645 0.988385677 0.004656630 -0.024630757 -0.015466394 0.999566138
9.229141807 -0.461663455 -0.256097555 0.991005361 0.004543877 -0.023481015 -0.015032786 0.999600947
9.262460009 -0.462488443 -0.256607413 0.992652655 0.004425269 -0.022660702 -0.014439158 0.999629200
9.295778210 -0.464785844 -0.258085936 0.997735798 0.004610466 -0.021325823 -0.014253495 0.999660373
9.329096412 -0.465706944 -0.258929521 1.000781417 0.005008818 -0.021087447 -0.014935418 0.999653578
9.362414613 -0.467493564 -0.260022849 1.004838228 0.005038475 -0.019994292 -0.014750166 0.999678612
9.395732815 -0.468735814 -0.260678858 1.006862879 0.005196752 -0.018813709 -0.015089189 0.999695659
9.429051016 -0.469894767 -0.261558563 1.009735465 0.005268949 -0.017856948 -0.014737232 0.999718070
9.462369217 -0.472408116 -0.262930065 1.013751626 0.005273284 -0.016129447 -0.015711004 0.999732554
9.495687419 -0.473416984 -0.263582826 1.016859412 0.005498084 -0.015477623 -0.015431454 0.999746025
9.529005620 -0.474925876 -0.264766812 1.020092726 0.005445900 -0.014463842 -0.015498188 0.999760449
9.562323822 -0.476302564 -0.265825987 1.022665024 0.005426884 -0.013330075 -0.015424999 0.999777436
9.595642023 -0.477948487 -0.266586959 1.026555538 0.005768643 -0.012285592 -0.015770581 0.999783516
9.628960225 -0.479611367 -0.267615557 1.029535174 0.005841297 -0.011024976 -0.015988598 0.999794364
9.662278426 -0.480650693 -0.268211365 1.032516360 0.005798936 -0.010256801 -0.014464787 0.999825954
9.695596628 -0.482806265 -0.269531548 1.036339760 0.006065990 -0.008695654 -0.015649430 0.999821305
9.728914829 -0.484231502 -0.270799935 1.039221883 0.005854412 -0.007484130 -0.015235062 0.999838829
9.762233031 -0.484710544 -0.271159112 1.040647030 0.005945373 -0.006364131 -0.014432603 0.999857903
9.795551232 -0.486902654 -0.272225231 1.043618679 0.006074007 -0.004673793 -0.014822145 0.999860823
9.828869434 -0.488692820 -0.272773713 1.046721458 0.006474058 -0.002676099 -0.014956241 0.999863625
9.862187635 -0.489587814 -0.273856878 1.049197435 0.006593372 -0.001224732 -0.015297738 0.999860525
9.895505837 -0.491444498 -0.275174528 1.052913308 0.006547502 0.000339790 -0.014956459 0.999866664
9.928824038 -0.492983758 -0.275825292 1.055795789 0.006804777 0.001819794 -0.014737491 0.999866605
9.962142240 -0.495608330 -0.277246475 1.060848236 0.006826413 0.003499860 -0.015323493 0.999853194
9.995460441 -0.496698856 -0.277952552 1.063283443 0.007026721 0.004693391 -0.015180700 0.999849081
10.028778642 -0.497498155 -0.279010028 1.066023350 0.006760230 0.005661215 -0.014132687 0.999861240
10.062096844 -0.498673648 -0.280089110 1.068961620 0.006769195 0.006963846 -0.014227372 0.999851644
10.095415045 -0.500738263 -0.280764788 1.072636127 0.007042265 0.008591558 -0.014786978 0.999828994
10.128733247 -0.502409816 -0.281601816 1.075633764 0.007267064 0.010196786 -0.014740433 0.999812961
10.162051448 -0.503416061 -0.282703847 1.078244328 0.007233588 0.011352698 -0.014846357 0.999799192
10.195369650 -0.505321741 -0.284249365 1.082411051 0.007249407 0.012830042 -0.015894638 0.999765098
10.228687851 -0.507139862 -0.285007089 1.085660219 0.007516790 0.014561777 -0.015655376 0.999743164
10.262006053 -0.507823408 -0.287059516 1.088571548 0.006823037 0.015769571 -0.015651122 0.999729872
10.295324254 -0.509076953 -0.287482828 1.090884924 0.007166065 0.017263876 -0.015576351 0.999704003
10.328642456 -0.509452403 -0.288196236 1.093028426 0.007133418 0.018223494 -0.014556657 0.999702513
10.361960657 -0.510404587 -0.288771927 1.096140027 0.007396908 0.019316146 -0.013426454 0.999695897
10.395278859 -0.512616336 -0.289899290 1.101233125 0.007519692 0.021033520 -0.013776670 0.999655604
10.428597060 -0.513722837 -0.290652066 1.104332805 0.007672910 0.022341348 -0.013253626 0.999633133
10.461915262 -0.515737653 -0.291709602 1.107562184 0.007703882 0.024318205 -0.013682117 0.999580979
10.495233463 -0.515536368 -0.292568952 1.110644937 0.007675920 0.024710527 -0.012419645 0.999588072
10.528551665 -0.516866803 -0.293982267 1.113033772 0.007452951 0.026391909 -0.012663756 0.999543726
10.561869866 -0.518474340 -0.294803321 1.117231846 0.007438850 0.027940575 -0.011956564 0.999510407
10.595188067 -0.519502223 -0.296117216 1.121090412 0.007554410 0.029211158 -0.012057219 0.999472022
10.628506269 -0.520873547 -0.296917111 1.123808384 0.007587237 0.030948889 -0.011877415 0.999421597
10.661824470 -0.521229386 -0.297549725 1.126400828 0.007666970 0.032023247 -0.010943366 0.999397814
10.695142672 -0.522261918 -0.298656970 1.130162835 0.007670431 0.033341952 -0.010601684 0.999358356
10.728460873 -0.522874713 -0.299412400 1.132789731 0.007607847 0.034694269 -0.009955176 0.999319434
10.761779075 -0.523785233 -0.299968809 1.135384917 0.007700694 0.036080811 -0.008798198 0.999280453
10.795097276 -0.523869514 -0.300690323 1.137625217 0.007683218 0.037038755 -0.008001285 0.999252319
10.828415478 -0.525274575 -0.302225918 1.140315294 0.007361618 0.038841784 -0.008496497 0.999182165
10.861733679 -0.525517225 -0.302166164 1.142765045 0.007645498 0.039893311 -0.006127414 0.999155879
10.895051881 -0.526608586 -0.303145498 1.146162629 0.007682799 0.041503895 -0.006615195 0.999086916
10.928370082 -0.526890159 -0.303921878 1.148263574 0.007490634 0.042741321 -0.005062766 0.999045312
10.961688284 -0.528581023 -0.305589497 1.153404593 0.007566244 0.044342376 -0.006575014 0.998966098
10.995006485 -0.529594004 -0.306351215 1.156133413 0.007619327 0.045980748 -0.006160046 0.998894274
11.028324687 -0.530193210 -0.307357848 1.159595251 0.007569481 0.047452588 -0.005580225 0.998829246
11.061642888 -0.531160533 -0.308852434 1.163758278 0.007465714 0.048757486 -0.005220918 0.998769164
11.094961089 -0.532855630 -0.309467703 1.168185115 0.007763925 0.050660957 -0.004731184 0.998674572
11.128279291 -0.533434808 -0.310652286 1.171088338 0.007733973 0.052092724 -0.004206969 0.998603463
11.161597492 -0.534173548 -0.311850995 1.175169587 0.007534761 0.053492762 -0.004018726 0.998531759
11.194915694 -0.535870671 -0.313283354 1.179412961 0.007641449 0.055486772 -0.004971159 0.998417854
11.228233895 -0.536647439 -0.314145476 1.183205366 0.007684356 0.056789540 -0.003932884 0.998348892
11.261552097 -0.538174212 -0.315099329 1.188541770 0.007867289 0.058640517 -0.003912204 0.998240530
11.294870298 -0.538796186 -0.317121148 1.191953421 0.007598715 0.060014069 -0.004415428 0.998158872
11.328188500 -0.539396822 -0.318053067 1.195953369 0.007460044 0.061242357 -0.002753829 0.998091280
11.361506701 -0.540799975 -0.319623202 1.201164126 0.007434429 0.062959731 -0.003780071 0.997981250
11.394824903 -0.541877747 -0.320351005 1.205029130 0.007701122 0.064634927 -0.003373432 0.997873545
11.428143104 -0.542636454 -0.321738631 1.209002614 0.007672710 0.066187784 -0.003059835 0.997772992
11.461461306 -0.544750631 -0.323234320 1.215558290 0.008063400 0.067998089 -0.003970190 0.997645020
11.494779507 -0.545452535 -0.324422359 1.219735503 0.007908479 0.069247931 -0.003181090 0.997563064
11.528097709 -0.545931101 -0.325675100 1.223161221 0.007800467 0.070533685 -0.003271155 0.997473538
11.561415910 -0.547349513 -0.327595264 1.227990389 0.007728002 0.072422408 -0.004356949 0.997334599
11.594734112 -0.548063517 -0.327886283 1.232550740 0.008082196 0.073606528 -0.002419885 0.997251689
11.628052313 -0.548309326 -0.329132468 1.235934019 0.008034959 0.074926205 -0.002642491 0.997153223
11.661370514 -0.549599111 -0.330762088 1.240701079 0.008040761 0.076557018 -0.003216206 0.997027636
11.694688716 -0.549990714 -0.331981599 1.244258404 0.007972277 0.077901885 -0.002578922 0.996925831
11.728006917 -0.550960660 -0.333670199 1.249256611 0.007878859 0.079384796 -0.003361611 0.996807277
11.761325119 -0.551976919 -0.334625095 1.254022717 0.007985625 0.080926470 -0.002508114 0.996684968
11.794643320 -0.553202629 -0.336045891 1.259242535 0.008283410 0.082625985 -0.002818289 0.996542215
11.827961522 -0.553684235 -0.337256223 1.263811588 0.008187601 0.083823584 -0.002160930 0.996444643
11.861279723 -0.554789782 -0.338941693 1.270172596 0.008208741 0.084996141 -0.001863308 0.996345758
11.894597925 -0.556414127 -0.340617031 1.277076483 0.008329032 0.086672112 -0.001856143 0.996200383
11.927916126 -0.557389557 -0.342058986 1.281998515 0.008386249 0.088084929 -0.001388754 0.996076703
11.961234328 -0.557899535 -0.343267947 1.287464499 0.008353435 0.089274056 -0.001179470 0.995971382
11.994552529 -0.559302330 -0.344777375 1.293703675 0.008486694 0.090916164 -0.000969181 0.995821953
12.027870731 -0.559438705 -0.346328080 1.297087312 0.008133588 0.091976844 -0.000202926 0.995727897
12.061188932 -0.560007453 -0.348095059 1.302049518 0.008235000 0.093481220 -0.000849102 0.995586634
12.094507134 -0.560344398 -0.348899871 1.305875778 0.008582498 0.094748922 -0.000845851 0.995463848
12.127825335 -0.560894608 -0.350430280 1.309332490 0.008551151 0.096258536 -0.000566541 0.995319486
12.161143537 -0.561728597 -0.352522492 1.316450953 0.008643380 0.097321562 -0.000984516 0.995214999
12.194461738 -0.562225640 -0.353900015 1.322380543 0.008739779 0.098531045 -0.000323984 0.995095551
12.227779939 -0.562944829 -0.355458885 1.326725125 0.008856722 0.100043483 -0.000601667 0.994943500
12.261098141 -0.563689113 -0.356393576 1.330927610 0.008953844 0.101571687 0.000316374 0.994787872
12.294416342 -0.563813686 -0.358584344 1.335655093 0.008653316 0.102719247 0.000383023 0.994672716
12.327734544 -0.564655781 -0.359989524 1.341870189 0.008755256 0.104246609 0.000749401 0.994512677
12.361052745 -0.566195250 -0.361508369 1.348981023 0.009009792 0.105887771 0.000360004 0.994337201
12.394370947 -0.566269040 -0.363180816 1.352699876 0.008865521 0.107035875 0.000782737 0.994215369
12.427689148 -0.567740440 -0.364465266 1.360802889 0.009084617 0.108654395 0.001390283 0.994037092
12.461007350 -0.568012834 -0.366049260 1.365594506 0.009272813 0.110046037 0.001193573 0.993882537
12.494325551 -0.568415523 -0.367600918 1.370510578 0.009461535 0.111285269 0.001061985 0.993742883
12.527643753 -0.569467187 -0.369649351 1.377737761 0.009375575 0.112978235 0.001132830 0.993552625
12.560961954 -0.569575846 -0.371126980 1.382515192 0.009379343 0.114124469 0.001502355 0.993421078
12.594280156 -0.570925176 -0.372681111 1.389847755 0.009864270 0.115988202 0.000841063 0.993201315
12.627598357 -0.571867704 -0.374314368 1.396024823 0.009939672 0.117501602 0.001155849 0.993022263
12.660916559 -0.572702765 -0.375969499 1.402318954 0.010064044 0.119095869 0.001245953 0.992830992
12.694234760 -0.573872626 -0.377742797 1.408914566 0.010148759 0.120820515 0.001574363 0.992621243
12.727552962 -0.574805319 -0.379833996 1.417961597 0.010579507 0.121861093 0.000789307 0.992490470
12.760871163 -0.575674117 -0.381680220 1.425024509 0.010784180 0.123404667 0.000689825 0.992297649
12.794189364 -0.577225208 -0.384022176 1.433337092 0.010890870 0.125050887 0.000685338 0.992090344
12.827507566 -0.578883111 -0.386282176 1.443102956 0.011346238 0.126677483 -0.000158044 0.991879106
12.860825767 -0.579685867 -0.387928456 1.449602842 0.011492996 0.128069162 0.000483874 0.991698563
12.894143969 -0.580754399 -0.389659554 1.457072616 0.011748974 0.129720762 -0.000211423 0.991480947
12.927462170 -0.581609428 -0.391490906 1.464682221 0.011879679 0.130981401 0.000298524 0.991313636
12.960780372 -0.582028449 -0.394435167 1.474720001 0.011737881 0.132157579 0.001005941 0.991158724
12.994098573 -0.583372653 -0.395955205 1.481633425 0.012127558 0.133839399 0.000716330 0.990928590
13.027416775 -0.584956408 -0.398121685 1.489551425 0.012361172 0.135681346 0.000224879 0.990675390
13.060734976 -0.587040722 -0.400693923 1.499319434 0.012264785 0.137638494 0.000513533 0.990406454
13.094053178 -0.587376714 -0.402564943 1.505877018 0.012283328 0.138813496 0.001177253 0.990241647
13.127371379 -0.588297248 -0.404416651 1.516104579 0.012636563 0.140207484 0.001312892 0.990040660
13.160689581 -0.588784099 -0.406658500 1.523753881 0.012739023 0.141654700 0.001174274 0.989833474
13.194007782 -0.590582252 -0.408612996 1.532047153 0.013203010 0.143543988 0.000661676 0.989555657
13.227325984 -0.590804994 -0.411109269 1.541783452 0.012995198 0.144713253 0.001575623 0.989387035
13.260644185 -0.592314422 -0.413262129 1.551487446 0.013359325 0.146420956 0.001609612 0.989130855
13.293962387 -0.591835022 -0.415571034 1.559472203 0.013218440 0.147326976 0.002693033 0.988995850
13.327280588 -0.593194842 -0.417707443 1.568462968 0.013484995 0.149155438 0.002172239 0.988719404
13.360598789 -0.593363285 -0.420317948 1.578550339 0.013481365 0.150335312 0.003435472 0.988537192
13.393916991 -0.594850123 -0.422776103 1.588144541 0.013947102 0.152292937 0.002500098 0.988233864
13.427235192 -0.594635725 -0.426097602 1.599683642 0.013831991 0.153536782 0.003460155 0.988040090
13.460553394 -0.594084799 -0.429973602 1.610122919 0.013609226 0.154731646 0.003729273 0.987855792
13.493871595 -0.593885601 -0.431906044 1.617009401 0.013727495 0.156314641 0.004480103 0.987601757
13.527189797 -0.593566716 -0.435765803 1.629736066 0.013777996 0.157747611 0.004843388 0.987371504
13.560507998 -0.594780743 -0.437957585 1.640133500 0.014251699 0.159519225 0.004628458 0.987081110
13.593826200 -0.596400619 -0.442047745 1.654163003 0.014349250 0.161221623 0.004741488 0.986802518
13.627144401 -0.597112119 -0.444948345 1.664502501 0.014463757 0.163028389 0.005373043 0.986500740
13.660462603 -0.597288430 -0.447769135 1.676259756 0.014757484 0.164479345 0.005417598 0.986255229
13.693780804 -0.597110927 -0.450875431 1.685787678 0.014959348 0.165769607 0.005385308 0.986036360
13.727099006 -0.597419679 -0.453975856 1.698915720 0.015125235 0.167179197 0.006176512 0.985791206
13.760417207 -0.596722066 -0.457521468 1.709630013 0.015232034 0.168665439 0.005815283 0.985538483
13.793735409 -0.596964538 -0.459978014 1.725555062 0.015716348 0.170170575 0.006636919 0.985266924
13.827053610 -0.596418321 -0.464287400 1.737010241 0.015740009 0.171591207 0.006129217 0.985023439
13.860371812 -0.595741451 -0.468972206 1.748710871 0.015622837 0.172868222 0.006447534 0.984799981
13.893690013 -0.596331358 -0.474431127 1.762607336 0.015484287 0.174496561 0.006018233 0.984517634
13.927008214 -0.595918596 -0.476820737 1.777447581 0.016009701 0.175837502 0.006667392 0.984266460
13.960326416 -0.596829832 -0.481484711 1.792982221 0.016072305 0.177617356 0.007021397 0.983943343
13.993644617 -0.595550954 -0.485329628 1.805513263 0.016187789 0.178766802 0.007073653 0.983732879
14.026962819 -0.596210897 -0.488371849 1.823150516 0.016967546 0.180404365 0.006945235 0.983421683
14.060281020 -0.593787491 -0.492622614 1.835842848 0.017144561 0.181358263 0.007148288 0.983241677
14.093599222 -0.591108203 -0.496822119 1.848817945 0.017109590 0.182027936 0.008210368 0.983110249
14.126917423 -0.592846274 -0.500915945 1.866156459 0.017664926 0.184107274 0.007414467 0.982719421
14.160235625 -0.594525933 -0.505281270 1.878858805 0.017413223 0.186297625 0.008155138 0.982305229
14.193553826 -0.593810022 -0.510493815 1.896502018 0.017670875 0.187621668 0.007410130 0.982054472
14.226872028 -0.591526806 -0.514436126 1.908106327 0.017736580 0.188503414 0.008060324 0.981879294
14.260190229 -0.588374317 -0.519215524 1.922809958 0.017778030 0.189463094 0.008034834 0.981694043
14.293508431 -0.585536480 -0.524444699 1.937258840 0.017743852 0.190310761 0.008031864 0.981530666
14.326826632 -0.587699473 -0.529827297 1.954449296 0.016857069 0.192728192 0.010794688 0.981047988
14.360144834 -0.584579945 -0.533993185 1.967822194 0.017040240 0.193492010 0.011378246 0.980887890
14.393463035 -0.584350586 -0.539234042 1.988197207 0.017449686 0.195251942 0.011283243 0.980533004
14.426781236 -0.581437230 -0.545233428 2.004112720 0.017262489 0.196254835 0.011505262 0.980333447
14.460099438 -0.580175996 -0.554141819 2.036266565 0.017955663 0.197720245 0.010415947 0.980038702
14.493417639 -0.576914966 -0.559366226 2.053546429 0.018443501 0.198521212 0.009894725 0.979873121
14.526735841 -0.576562285 -0.565686584 2.076538563 0.018781159 0.200212255 0.009140442 0.979529858
14.560054042 -0.574792683 -0.570050955 2.091309786 0.019345636 0.201428249 0.009249290 0.979268551
14.593372244 -0.573152125 -0.579408228 2.116580486 0.018177185 0.202855572 0.011070845 0.978977323
14.626690445 -0.571223438 -0.584434927 2.132559299 0.018565195 0.204228878 0.011001763 0.978685319
14.660008647 -0.569063127 -0.588083267 2.142390251 0.019231753 0.205675110 0.009938288 0.978380919
14.693326848 -0.566483021 -0.594025671 2.161940336 0.019656181 0.206986740 0.009482553 0.978100300
14.726645050 -0.564166069 -0.601217687 2.181932926 0.019521741 0.208220080 0.009448865 0.977841496
14.759963251 -0.561618030 -0.608123124 2.202848911 0.019687079 0.209409744 0.009359552 0.977585018
14.793281453 -0.559787333 -0.614037812 2.220043421 0.019474845 0.210816428 0.010219824 0.977278233
14.826599654 -0.557439446 -0.620475054 2.240872383 0.020047912 0.212123841 0.009222668 0.976993620
14.859917856 -0.556323767 -0.626353145 2.256606102 0.019333234 0.213791013 0.010908544 0.976627231
14.893236057 -0.553712487 -0.634189844 2.281106472 0.019359635 0.214939058 0.010892326 0.976374805
14.926554259 -0.553768158 -0.639798462 2.296827555 0.018855410 0.217124164 0.012622655 0.975880265
14.959872460 -0.551519156 -0.645847023 2.316344738 0.019329226 0.218541473 0.011235896 0.975571513
14.993190661 -0.551824629 -0.650931120 2.337038994 0.019471454 0.220771119 0.011484061 0.975063622
15.026508863 -0.546727359 -0.657230079 2.354966164 0.019521693 0.221349046 0.011626447 0.974929929
15.059827064 -0.550432265 -0.664329588 2.364376783 0.018032327 0.224203900 0.013674124 0.974279463
15.093145266 -0.548648417 -0.669283688 2.385171175 0.018704670 0.225906715 0.012588103 0.973888040
15.126463467 -0.547660768 -0.677778661 2.411690474 0.017652819 0.227854282 0.015726352 0.973408222
15.159781669 -0.546478391 -0.683948815 2.431401014 0.017727640 0.229490116 0.015909519 0.973019481
15.193099870 -0.542508125 -0.689712763 2.456210136 0.018098390 0.230611920 0.016185217 0.972742856
15.226418072 -0.539448738 -0.696247399 2.476209164 0.018302845 0.231963575 0.015748300 0.972424805
15.259736273 -0.536066055 -0.703452766 2.498620510 0.018138822 0.233120441 0.016415687 0.972140133
15.293054475 -0.534929395 -0.710071087 2.521127462 0.018448565 0.234789059 0.016164700 0.971736848
15.326372676 -0.532532334 -0.716522634 2.544172525 0.018844424 0.236304849 0.015443401 0.971373498
15.359690878 -0.527787387 -0.724051774 2.568943262 0.018859966 0.236896977 0.016161174 0.971217275
15.393009079 -0.524007022 -0.731200635 2.594124556 0.019019896 0.238068685 0.016199291 0.970926940
15.426327281 -0.523301005 -0.738836586 2.617041111 0.019227188 0.239920199 0.015792079 0.970473766
15.459645482 -0.516238689 -0.747824311 2.642576218 0.018845946 0.240203992 0.016626110 0.970397115
15.492963684 -0.513799846 -0.756115198 2.672503948 0.019252932 0.241779789 0.015562653 0.970015287
15.526281885 -0.511713028 -0.763322234 2.699820757 0.019605666 0.243419692 0.015836312 0.969593585
15.559600086 -0.505837202 -0.771390140 2.729955673 0.019570250 0.243986964 0.016613176 0.969438672
15.592918288 -0.503713608 -0.780850828 2.754017830 0.019717688 0.245788917 0.014952702 0.969007492
15.626236489 -0.499177396 -0.788390338 2.779466629 0.020225180 0.247109026 0.013936158 0.968676388
15.659554691 -0.494955599 -0.797555327 2.807081223 0.020199491 0.248059437 0.013784498 0.968436122
15.692872892 -0.488764405 -0.806963027 2.830783606 0.019793173 0.248797223 0.014301982 0.968247712
15.726191094 -0.484822571 -0.814154983 2.856998205 0.020280605 0.250300795 0.014072781 0.967853367
15.759509295 -0.479344785 -0.821333945 2.882969618 0.020285362 0.251080573 0.015161735 0.967634857
15.792827497 -0.475084305 -0.828220487 2.910252094 0.020975031 0.252514899 0.014447393 0.967257798
15.826145698 -0.469616473 -0.838831723 2.935584068 0.020524660 0.253751338 0.014871261 0.966937363
15.859463900 -0.463397443 -0.846697330 2.965723515 0.020760208 0.254712343 0.015466995 0.966670275
15.892782101 -0.462208182 -0.854029477 2.991768837 0.021084610 0.257003754 0.015544564 0.966055334
15.926100303 -0.455841422 -0.862622321 3.018326283 0.021561928 0.258322239 0.013968549 0.965717137
15.959418504 -0.452139616 -0.870117486 3.051482916 0.021597372 0.259815276 0.016026841 0.965283751
15.992736706 -0.445355713 -0.876932800 3.076925516 0.022323448 0.260832399 0.015119700 0.965007544
16.026054907 -0.437703192 -0.887713075 3.107048035 0.021316551 0.261373609 0.017562833 0.964842498
16.059373109 -0.436003596 -0.897675037 3.137208223 0.021400798 0.263449073 0.016910505 0.964287639
16.092691310 -0.429826081 -0.903684080 3.165635586 0.021866582 0.264492780 0.017244073 0.963985503
16.126009511 -0.420067757 -0.914137423 3.200052261 0.021586685 0.264687926 0.018664546 0.963911772
16.159327713 -0.416137516 -0.921851516 3.226467609 0.022332745 0.266154081 0.017249020 0.963517427
16.192645914 -0.407154322 -0.930868745 3.251828671 0.021784099 0.266531259 0.019590702 0.963380873
16.225964116 -0.400118351 -0.938665509 3.286740065 0.022769649 0.267522454 0.017901221 0.963116229
16.259282317 -0.393869877 -0.948934615 3.317332029 0.022449318 0.268348664 0.018842489 0.962875903
16.292600519 -0.385147274 -0.958599031 3.357478619 0.022535712 0.269059598 0.020107225 0.962649882
16.325918720 -0.382486135 -0.970584035 3.390743971 0.022319082 0.271003336 0.019761503 0.962116718
16.359236922 -0.370823115 -0.982903421 3.425938606 0.021643046 0.270838171 0.021254197 0.962146878
16.392555123 -0.365671247 -0.991647720 3.454737663 0.022208504 0.272248983 0.019877912 0.961765110
16.425873325 -0.359743059 -1.003529310 3.491529226 0.022213727 0.273507595 0.019224860 0.961421132
16.459191526 -0.350312322 -1.015195370 3.525256634 0.020443244 0.273375720 0.024460627 0.961378932
16.492509728 -0.344076216 -1.025074720 3.559281826 0.020598793 0.274541944 0.024504462 0.961042106
16.525827929 -0.334711343 -1.035726190 3.588922739 0.019290747 0.274622798 0.027973631 0.960951447
16.559146131 -0.325800389 -1.045983434 3.622379303 0.019274950 0.275294811 0.028590463 0.960741282
16.592464332 -0.314618170 -1.055966139 3.651146173 0.018420216 0.275178730 0.030644886 0.960727990
16.625782534 -0.306823462 -1.065885663 3.681910038 0.018422110 0.276007980 0.031155920 0.960473597
16.659100735 -0.298553377 -1.075003505 3.712614298 0.018339524 0.276769668 0.031939365 0.960230231
16.692418936 -0.289843112 -1.085539222 3.746802568 0.018484006 0.277587771 0.032569505 0.959970117
16.725737138 -0.280630678 -1.100222349 3.788929701 0.018556457 0.278921843 0.031469483 0.959618628
16.759055339 -0.272487313 -1.109673142 3.824011326 0.018835617 0.279916227 0.032286670 0.959296525
16.792373541 -0.263066798 -1.121366620 3.856817245 0.018745622 0.280738175 0.032335494 0.959056377
16.825691742 -0.254724771 -1.130906343 3.892499685 0.018782806 0.281834006 0.033352308 0.958699346
16.859009944 -0.245558143 -1.141710758 3.926185608 0.018860133 0.282787561 0.033927746 0.958396792
16.892328145 -0.237677217 -1.152214170 3.959102631 0.018950744 0.284239888 0.034065921 0.957960367
16.925646347 -0.227766007 -1.161465526 3.992145300 0.019379279 0.285519332 0.034805972 0.957544625
16.958964548 -0.216551185 -1.172552586 4.026714325 0.019456916 0.286645710 0.034898475 0.957203090
16.992282750 -0.205737621 -1.184180498 4.070007801 0.019927701 0.288604766 0.035135198 0.956595898
17.025600951 -0.196762651 -1.195514679 4.101837158 0.019927980 0.289814621 0.035131469 0.956230223
17.058919153 -0.187156975 -1.206029892 4.135857105 0.020199770 0.291154087 0.034724794 0.955832362
17.092237354 -0.173437804 -1.222215891 4.189132214 0.020359643 0.292452693 0.035179123 0.955415845
17.125555556 -0.162676722 -1.232506156 4.226290703 0.020521814 0.293389618 0.035709750 0.955105364
17.158873757 -0.151645452 -1.243980527 4.263293743 0.020634610 0.294310689 0.035751998 0.954817951
17.192191958 -0.138793141 -1.259118438 4.310428143 0.020632161 0.295619011 0.035770509 0.954412997
17.225510160 -0.127587914 -1.270605087 4.341806889 0.020655002 0.296332270 0.036232036 0.954173863
17.258828361 -0.117307276 -1.284245610 4.379928589 0.020287050 0.297301352 0.036471732 0.953871131
17.292146563 -0.104877263 -1.293208718 4.417171001 0.020754358 0.297996700 0.036481615 0.953643680
17.325464764 -0.094136119 -1.303870201 4.454957008 0.020989213 0.298972070 0.036565121 0.953330100
17.358782966 -0.081171453 -1.316210628 4.498291016 0.021193832 0.300006628 0.037109710 0.952979445
17.392101167 -0.069096088 -1.327785969 4.534313202 0.021189893 0.300745398 0.037468750 0.952732563
17.425419369 -0.058055699 -1.338910580 4.569483280 0.021425778 0.301654458 0.037657030 0.952432454
17.458737570 -0.044560194 -1.348865390 4.604792595 0.021591753 0.302338868 0.037640281 0.952212274
17.492055772 -0.032667577 -1.362804055 4.645457268 0.021470042 0.303543538 0.037735473 0.951827943
17.525373973 -0.021085739 -1.373361945 4.682913780 0.021650741 0.304295063 0.038091160 0.951569676
17.558692175 -0.009376764 -1.383159399 4.717000484 0.021868136 0.305106878 0.038169660 0.951301575
17.592010376 0.002816558 -1.395889640 4.753816605 0.021786053 0.305930436 0.038191065 0.951038063
17.625328578 0.016582370 -1.408858895 4.795331001 0.021894721 0.306903869 0.038823783 0.950696290
17.658646779 0.029466271 -1.419412136 4.828970432 0.021965509 0.307647765 0.039021131 0.950446069
17.691964981 0.040497959 -1.429398775 4.862317085 0.022163518 0.308559805 0.039152738 0.950140357
17.725283182 0.052374065 -1.439581871 4.896778107 0.022456998 0.309599936 0.039058063 0.949799001
17.758601383 0.067592740 -1.454197884 4.942267418 0.022350702 0.310882390 0.039546713 0.949362218
17.791919585 0.080079496 -1.465820432 4.975259304 0.022262575 0.311640114 0.039886769 0.949101627
17.825237786 0.092916667 -1.476064801 5.011026382 0.022469731 0.312576503 0.039594956 0.948800981
17.858555988 0.106736600 -1.486487269 5.045635223 0.022614196 0.313241124 0.039783329 0.948570490
17.891874189 0.117597371 -1.500185251 5.080636978 0.022604058 0.314554662 0.038205214 0.948200822
17.925192391 0.136778414 -1.518152475 5.126762867 0.022363169 0.315217584 0.039323121 0.947940707
17.958510592 0.149911016 -1.529020190 5.164754868 0.022484608 0.316106200 0.039119538 0.947650254
17.991828794 0.162587792 -1.540911078 5.197098732 0.022474891 0.316729605 0.038645197 0.947461784
18.025146995 0.175492644 -1.551056623 5.232559204 0.022681689 0.317512363 0.038519200 0.947199941
18.058465197 0.194882572 -1.567663193 5.281528473 0.022492992 0.318089604 0.039322216 0.946977735
18.091783398 0.209074318 -1.577319026 5.318704128 0.022865472 0.318714291 0.038598709 0.946788549
18.125101600 0.227547824 -1.591431379 5.360990047 0.022763288 0.318909109 0.038841594 0.946715474
18.158419801 0.239366919 -1.603329420 5.395624638 0.022743130 0.319598466 0.038518041 0.946496665
18.191738003 0.259383202 -1.619875431 5.448257446 0.022797380 0.320341140 0.038740076 0.946235240
18.225056204 0.273113012 -1.635386467 5.485094070 0.022451082 0.320845842 0.038712200 0.946073651
18.258374406 0.286571354 -1.643684506 5.521344185 0.022996731 0.321346909 0.037781525 0.945928037
18.291692607 0.299301147 -1.656847000 5.556713581 0.022835299 0.321834415 0.037522018 0.945776582
18.325010808 0.325933039 -1.678408742 5.621777534 0.022435455 0.322328091 0.039048344 0.945556164
18.358329010 0.339407355 -1.689879656 5.658382893 0.022684742 0.322649777 0.038698588 0.945454895
18.391647211 0.355933219 -1.703286052 5.694777489 0.022486374 0.322709739 0.038510229 0.945446849
18.424965413 0.372006655 -1.711681008 5.731555939 0.023001989 0.322700888 0.038296711 0.945446134
18.458283614 0.388626993 -1.724105358 5.776896000 0.023191871 0.322871447 0.037895761 0.945399463
18.491601816 0.414319903 -1.745465159 5.833081722 0.022446400 0.322683394 0.039475620 0.945417047
18.524920017 0.432019085 -1.758257627 5.871596813 0.022508742 0.322517693 0.039104514 0.945487499
18.558238219 0.447370112 -1.767542362 5.910565376 0.022959046 0.322649807 0.038396075 0.945460558
18.591556420 0.465579212 -1.781545162 5.949347496 0.022782190 0.322314471 0.037814204 0.945602715
18.624874622 0.481265306 -1.792680502 5.989725113 0.023110045 0.322351754 0.036777746 0.945622921
18.658192823 0.500694692 -1.810925364 6.035753250 0.022516737 0.322389454 0.038291492 0.945564330
18.691511025 0.516174972 -1.823386788 6.073332310 0.022487797 0.322203517 0.038167678 0.945633352
18.724829226 0.529503345 -1.834846616 6.112389088 0.022626841 0.322270334 0.037597269 0.945630133
18.758147428 0.547668874 -1.848171473 6.148618698 0.022562925 0.321914494 0.036685441 0.945788682
18.791465629 0.576784134 -1.869598866 6.205990791 0.021744775 0.321032822 0.038641136 0.946029544
18.824783831 0.591086388 -1.879276633 6.244250774 0.022056336 0.320817947 0.038208775 0.946112871
18.858102032 0.608418941 -1.890885472 6.283470154 0.022172328 0.320270449 0.037874382 0.946309030
18.891420233 0.622818828 -1.903756976 6.322209358 0.022146819 0.320040762 0.037213352 0.946413517
18.924738435 0.639989913 -1.915276170 6.363050461 0.022345612 0.319702029 0.035919923 0.946573317
18.958056636 0.656027675 -1.927838087 6.396214485 0.022117574 0.318855405 0.035649084 0.946874440
18.991374838 0.701220930 -1.955409646 6.484825611 0.021896565 0.317286849 0.036660630 0.947367728
19.024693039 0.719304800 -1.968814254 6.524895668 0.021626169 0.316180319 0.036650240 0.947744250
19.058011241 0.734438062 -1.981015682 6.562693596 0.021696478 0.315566987 0.035906751 0.947975516
19.091329442 0.752199471 -1.993565083 6.600012779 0.021669250 0.314444631 0.035070311 0.948380232
19.124647644 0.769547403 -2.003467560 6.638020039 0.021963734 0.313221544 0.034126062 0.948812544
19.157965845 0.792670727 -2.020991564 6.696986198 0.021543426 0.312042803 0.035408586 0.949163556
19.191284047 0.809202790 -2.028981209 6.735407829 0.022049539 0.310688913 0.034590907 0.949626088
19.224602248 0.826636553 -2.043263674 6.777616501 0.021850212 0.309242785 0.034602955 0.950102210
19.257920450 0.841366887 -2.053884745 6.814160347 0.021944011 0.308027029 0.033183284 0.950545490
19.291238651 0.867277384 -2.069787979 6.873689175 0.021892343 0.306110650 0.034834806 0.951106548
19.324556853 0.886114836 -2.083240271 6.916211128 0.021834984 0.304410875 0.034029081 0.951682389
19.357875054 0.901128292 -2.092694283 6.955955029 0.022061450 0.302913249 0.033617701 0.952169478
19.391193256 0.916638255 -2.106838942 6.993762970 0.021779621 0.301467568 0.032668866 0.952667713
19.424511457 0.930320442 -2.117061377 7.033251762 0.022058923 0.300261199 0.031706348 0.953074694
19.457829658 0.947397053 -2.129949808 7.066390514 0.021875350 0.298467696 0.030534493 0.953680336
19.491147860 0.967721105 -2.141879320 7.124764442 0.022260645 0.296847135 0.030924434 0.954164565
19.524466061 0.984396696 -2.153046131 7.167376518 0.022367122 0.295044035 0.030276919 0.954741895
19.557784263 0.998153329 -2.165586472 7.200929642 0.022153901 0.293378502 0.029732518 0.955277026
19.591102464 1.012039423 -2.174289942 7.241473198 0.022645840 0.291909933 0.028408356 0.955755591
19.624420666 1.025678515 -2.184460402 7.283914566 0.022891486 0.290425271 0.027616657 0.956225157
19.657738867 1.048108339 -2.202614546 7.340822220 0.022593124 0.288282096 0.027410956 0.956886411
19.691057069 1.060758829 -2.210997343 7.381131649 0.023132373 0.286642998 0.026458189 0.957392693
19.724375270 1.072345972 -2.221046209 7.420422554 0.023362041 0.284992814 0.025870889 0.957895637
19.757693472 1.084402680 -2.231128216 7.462421894 0.023660911 0.283232838 0.024723521 0.958440423
19.791011673 1.095902920 -2.243857861 7.490100861 0.023169516 0.281113982 0.023269393 0.959112465
19.824329875 1.113721609 -2.256346464 7.526848316 0.022789951 0.278220803 0.022839922 0.959975064
19.857648076 1.126393914 -2.264334440 7.562903881 0.023267262 0.275898546 0.021782566 0.960658193
19.890966278 1.139282584 -2.277298927 7.605157375 0.023135131 0.273529440 0.021388395 0.961347461
19.924284479 1.148807764 -2.289581060 7.639925957 0.022900688 0.271587700 0.019826906 0.961936891
19.957602681 1.157648444 -2.296436071 7.675776482 0.023327192 0.269418657 0.018741114 0.962558150
19.990920882 1.173613906 -2.309428692 7.724745274 0.023476964 0.266820490 0.017398603 0.963303149
20.024239083 1.184222102 -2.319632769 7.764213562 0.023635464 0.264584452 0.016349273 0.963934183
20.057557285 1.195577025 -2.329193354 7.802419186 0.023908654 0.262165993 0.015175039 0.964607239
20.090875486 1.206553698 -2.340315342 7.838078022 0.023882207 0.259727746 0.013979106 0.965285301
20.124193688 1.219310999 -2.352555037 7.879824638 0.023880068 0.257172793 0.012732327 0.965986431
20.157511889 1.233737946 -2.369855404 7.944586277 0.024113094 0.255196065 0.011664168 0.966518223
20.190830091 1.248335004 -2.383449554 7.992663860 0.024217095 0.252118468 0.010167838 0.967339873
20.224148292 1.257983208 -2.394484520 8.031300545 0.024317214 0.249463648 0.009375914 0.968033373
20.257466494 1.267044306 -2.406182766 8.071726799 0.024354603 0.246861577 0.007895368 0.968712509
20.290784695 1.275474787 -2.418074131 8.109739304 0.024108801 0.244040251 0.007340921 0.969437599
20.324102897 1.278421521 -2.425558090 8.135985374 0.024094077 0.241409674 0.005672729 0.970107615
20.357421098 1.287603140 -2.439062595 8.178824425 0.023806574 0.238579273 0.005133566 0.970817626
20.390739300 1.291393638 -2.449380159 8.221013069 0.024085782 0.236579075 0.003093688 0.971308768
20.424057501 1.298485756 -2.459578037 8.261284828 0.024318282 0.233974829 0.001026893 0.971937954
20.457375703 1.309427738 -2.477703333 8.313639641 0.023859806 0.230520383 0.001102484 0.972774327
20.490693904 1.318881035 -2.498227119 8.376308441 0.023458637 0.228235111 0.000962760 0.973322928
20.524012105 1.327579498 -2.511479616 8.421838760 0.023383709 0.224974737 0.000415971 0.974083900
20.557330307 1.333058953 -2.524222851 8.458897591 0.022889944 0.221947670 0.000077671 0.974789858
20.590648508 1.333963633 -2.532890320 8.493659019 0.023024522 0.219837770 -0.001589119 0.975263417
20.623966710 1.342598200 -2.555267096 8.565029144 0.022601452 0.217159048 -0.001563320 0.975873291
20.657284911 1.346197486 -2.564010620 8.606096268 0.023044305 0.215121925 -0.004563656 0.976304591
20.690603113 1.350893259 -2.578172207 8.645553589 0.022480043 0.211619049 -0.004119378 0.977084994
20.723921314 1.356317639 -2.594039202 8.702999115 0.022415558 0.208818078 -0.004855850 0.977685571
20.757239516 1.361978650 -2.606333017 8.749814987 0.022580769 0.205949768 -0.006362385 0.978281319
20.790557717 1.363969088 -2.619385958 8.787164688 0.022045704 0.202839196 -0.006185503 0.978944361
20.823875919 1.371308923 -2.638260603 8.842845917 0.021273602 0.199211165 -0.006641087 0.979703128
20.857194120 1.373174548 -2.649453163 8.884503365 0.021310732 0.196474880 -0.007914503 0.980245352
20.890512322 1.373992801 -2.662497759 8.935239792 0.021423282 0.194112867 -0.009165183 0.980702460
20.923830523 1.375450492 -2.676580667 8.979376793 0.020990234 0.191150010 -0.009707890 0.981288373
20.957148725 1.379853129 -2.692500114 9.029169083 0.020644799 0.187640652 -0.009788534 0.981971979
20.990466926 1.381570458 -2.705672026 9.076863289 0.020506084 0.184794635 -0.011035725 0.982501268
21.023785128 1.386755466 -2.723775387 9.129167557 0.019618522 0.180841595 -0.009445573 0.983271182
21.057103329 1.387742519 -2.736119747 9.173785210 0.019554084 0.177952647 -0.010553464 0.983788192
21.090421530 1.388684869 -2.749955893 9.218301773 0.019162478 0.174882933 -0.011243735 0.984338522
21.123739732 1.389453173 -2.763190985 9.267726898 0.019091105 0.172007009 -0.012105353 0.984836340
21.157057933 1.388777018 -2.775561571 9.310342789 0.018923111 0.169180065 -0.013210968 0.985314906
21.190376135 1.387416124 -2.787734985 9.356472015 0.018989017 0.166656122 -0.014335888 0.985727966
21.223694336 1.387677193 -2.798585653 9.400796890 0.019091174 0.163879111 -0.016107760 0.986164153
21.257012538 1.384710670 -2.810684681 9.447287560 0.019051196 0.161211446 -0.017242314 0.986585379
21.290330739 1.383052707 -2.821501970 9.494390488 0.019189171 0.158388034 -0.018676743 0.987013817
21.323648941 1.383450866 -2.835350990 9.542662621 0.019104544 0.154999182 -0.019471722 0.987537920
21.356967142 1.381070375 -2.849114180 9.597069740 0.019106328 0.152262062 -0.020804444 0.987936437
21.390285344 1.378027201 -2.864747047 9.638516426 0.018329330 0.148965418 -0.020102439 0.988468170
21.423603545 1.371222377 -2.876843929 9.691975594 0.018619543 0.146603003 -0.021795029 0.988780022
21.456921747 1.367539048 -2.891469240 9.735580444 0.018089797 0.143803909 -0.022353031 0.989188313
21.490239948 1.364583611 -2.909160137 9.819152832 0.018785760 0.141354561 -0.024559900 0.989476025
21.523558150 1.361712575 -2.924291372 9.873896599 0.018453974 0.138109341 -0.024700247 0.989936948
21.556876351 1.358641386 -2.942374229 9.923185349 0.017508201 0.134901926 -0.024523526 0.990400672
21.590194553 1.349221230 -2.953356266 10.003579140 0.018911239 0.133106753 -0.027473956 0.990540326
21.623512754 1.346569777 -2.969131947 10.065913200 0.018816685 0.129983574 -0.028563131 0.990926027
21.656830955 1.340163946 -2.984552145 10.115964890 0.018474814 0.127414137 -0.029329648 0.991243720
21.690149157 1.330343962 -2.999708891 10.191204071 0.019074263 0.125627056 -0.031912494 0.991380692
21.723467358 1.325696111 -3.016980886 10.246977806 0.018593932 0.122600235 -0.032592457 0.991746545
21.756785560 1.317386627 -3.029279470 10.308778763 0.019032670 0.120376922 -0.034417290 0.991948903
21.790103761 1.310606480 -3.044754267 10.365229607 0.018792121 0.117751807 -0.035072286 0.992245615
21.823421963 1.299872041 -3.057596445 10.440493584 0.019877294 0.116366521 -0.038073324 0.992277265
21.856740164 1.289949059 -3.072566271 10.501851082 0.020052783 0.114245608 -0.039431959 0.992467105
21.890058366 1.282980442 -3.087658644 10.572537422 0.020161957 0.111540608 -0.040254537 0.992739558
21.923376567 1.272407889 -3.101784945 10.635520935 0.020555042 0.109791681 -0.042756740 0.992821813
21.956694769 1.262612820 -3.121106625 10.700007439 0.020195616 0.107465573 -0.043974943 0.993030488
21.990012970 1.254663229 -3.126591206 10.744467735 0.020799734 0.105186388 -0.045530874 0.993191898
22.023331172 1.246367574 -3.144539356 10.810763359 0.020292111 0.102453910 -0.046032391 0.993464887
22.056649373 1.236895204 -3.161407948 10.883792877 0.020204401 0.099473931 -0.046771426 0.993734956
22.089967575 1.227432609 -3.176077366 10.938472748 0.019892100 0.096830115 -0.048082583 0.993939817
22.123285776 1.216601968 -3.194287062 11.004115105 0.019392304 0.093823396 -0.048044667 0.994239807
22.156603978 1.207090735 -3.206246853 11.063206673 0.019620484 0.091134563 -0.049044460 0.994436622
22.189922179 1.193585277 -3.226231813 11.144459724 0.019338673 0.088235244 -0.050491191 0.994631171
22.223240380 1.185303569 -3.238610983 11.192821503 0.019258237 0.085678145 -0.051181849 0.994821012
22.256558582 1.168621182 -3.256072998 11.267549515 0.019350661 0.083447650 -0.053021915 0.994912446
22.289876783 1.156905890 -3.273079872 11.329044342 0.019211281 0.080870301 -0.054101188 0.995069861
22.323194985 1.143497825 -3.293003559 11.396043777 0.018461203 0.078145422 -0.054214384 0.995295584
22.356513186 1.132013917 -3.310984612 11.460138321 0.018272955 0.075604826 -0.055232022 0.995439351
22.389831388 1.116754055 -3.327274799 11.521320343 0.017797682 0.073330685 -0.055848349 0.995583653
22.423149589 1.099971294 -3.340261221 11.600564003 0.018683083 0.070926972 -0.058249298 0.995604038
22.456467791 1.083088875 -3.357014894 11.672098160 0.018562542 0.068669207 -0.059400965 0.995696485
22.489785992 1.064855933 -3.370656490 11.731603622 0.018664248 0.066948727 -0.060693938 0.995733798
22.523104194 1.052201152 -3.390733719 11.803060532 0.018547172 0.064084351 -0.062062271 0.995840073
22.556422395 1.034360647 -3.406427383 11.873023033 0.018626323 0.061973769 -0.063186288 0.995901525
22.589740597 1.019547939 -3.421636820 11.938176155 0.018590782 0.059437148 -0.064391874 0.995979607
22.623058798 1.001517415 -3.441506863 12.014832497 0.018348282 0.056766570 -0.064816274 0.996112287
22.656377000 0.986172199 -3.458010197 12.077795982 0.018079860 0.054320887 -0.065579467 0.996203661
22.689695201 0.967223644 -3.473036051 12.142260551 0.018035064 0.052224055 -0.066518962 0.996254325
22.723013403 0.940660954 -3.493752241 12.241213799 0.018485082 0.050111096 -0.067851439 0.996264696
22.756331604 0.921067297 -3.509259462 12.316664696 0.018666990 0.047789298 -0.068825044 0.996308625
22.789649805 0.902406514 -3.527775764 12.384664536 0.018308328 0.045470342 -0.069418825 0.996382594
22.822968007 0.881521821 -3.542700529 12.471217155 0.019009590 0.042845283 -0.070261091 0.996426821
22.856286208 0.859890580 -3.560363531 12.540317535 0.018766748 0.040735815 -0.070925720 0.996472776
22.889604410 0.838357091 -3.578505754 12.609423637 0.018415950 0.038671654 -0.071151517 0.996545494
22.922922611 0.816133738 -3.596656561 12.690787315 0.018784842 0.035963774 -0.071697757 0.996600807
22.956240813 0.796008945 -3.609615088 12.763045311 0.019122757 0.033838097 -0.072603963 0.996603251
22.989559014 0.773071587 -3.626226425 12.834635735 0.019152945 0.031824347 -0.073404483 0.996610343
23.022877216 0.738025844 -3.654464960 12.955591202 0.018858831 0.029329190 -0.073711939 0.996669829
23.056195417 0.713348091 -3.670792580 13.031419754 0.018902963 0.027189352 -0.074601755 0.996663451
23.089513619 0.686766982 -3.686929703 13.109389305 0.018864924 0.024979407 -0.075242959 0.996673822
23.122831820 0.660410583 -3.701987982 13.190017700 0.019298930 0.022644263 -0.076309524 0.996640205
23.156150022 0.632480860 -3.719575405 13.266699791 0.019171989 0.020534676 -0.076896742 0.996643245
23.189468223 0.607481658 -3.736592531 13.337524414 0.019033924 0.018541539 -0.077636451 0.996627569
23.222786425 0.575614631 -3.753895044 13.431694031 0.019461719 0.016423212 -0.078583397 0.996582270
23.256104626 0.545228601 -3.770522118 13.516592979 0.019694276 0.014455114 -0.079469882 0.996537864
23.289422827 0.520737171 -3.786477804 13.586130142 0.019548109 0.012580464 -0.080030210 0.996521354
23.322741029 0.489633322 -3.803660154 13.662956238 0.019449804 0.010847357 -0.080527380 0.996503592
23.356059230 0.456178635 -3.825142622 13.764949799 0.019792737 0.008810988 -0.081910297 0.996404231
23.389377432 0.427886069 -3.840181589 13.831514359 0.019750381 0.007193874 -0.082469240 0.996371925
23.422695633 0.399117708 -3.857309818 13.910804749 0.019867413 0.005302387 -0.083141498 0.996325552
23.456013835 0.367285609 -3.878141165 13.994695663 0.019402927 0.003248086 -0.083354928 0.996325731
23.489332036 0.336166024 -3.890429258 14.068777084 0.019718062 0.001667373 -0.084147580 0.996256828
23.522650238 0.306205690 -3.904923201 14.137039185 0.019834807 0.000146357 -0.084904708 0.996191680
23.555968439 0.277342230 -3.924573183 14.214825630 0.019568132 -0.001937303 -0.085409366 0.996151924
23.589286641 0.247890621 -3.942108870 14.292197227 0.019402958 -0.003762027 -0.085737653 0.996121705
23.622604842 0.220007136 -3.960007191 14.361523628 0.019080080 -0.005452760 -0.085907280 0.996105492
23.655923044 0.184213683 -3.974504471 14.441885948 0.019273492 -0.007046357 -0.086512089 0.996039450
23.689241245 0.157451391 -3.990162373 14.512011528 0.019310759 -0.008700637 -0.087093905 0.995974958
23.722559447 0.125317216 -4.006615639 14.586228371 0.019148549 -0.010294599 -0.087514371 0.995926023
23.755877648 0.096246548 -4.021758556 14.660845757 0.019134684 -0.011931193 -0.087946102 0.995869994
23.789195850 0.066078223 -4.038251400 14.729515076 0.019004002 -0.013268266 -0.088327773 0.995821774
23.822514051 0.034787327 -4.059741020 14.812850952 0.018362852 -0.015482827 -0.088090301 0.995822847
23.855832252 0.004791737 -4.068352699 14.883350372 0.018972958 -0.016813150 -0.088875644 0.995720088
23.889150454 -0.026284065 -4.085973740 14.951741219 0.018990874 -0.018042469 -0.089619637 0.995631576
23.922468655 -0.058015753 -4.093456745 15.018534660 0.019517854 -0.019424438 -0.090163931 0.995546222
23.955786857 -0.087467872 -4.110748768 15.086248398 0.019406302 -0.020684868 -0.090642594 0.995479524
23.989105058 -0.118156299 -4.125998974 15.167659760 0.019126160 -0.022396713 -0.090387665 0.995471060
24.022423260 -0.153365076 -4.143755436 15.239355087 0.019011360 -0.023633352 -0.090874031 0.995400369
24.055741461 -0.183441222 -4.159003735 15.310165405 0.019023072 -0.024929604 -0.091159254 0.995342493
24.089059663 -0.215777501 -4.175734997 15.392536163 0.018975323 -0.026522730 -0.091295987 0.995289683
24.122377864 -0.243801057 -4.187404156 15.446586609 0.019220449 -0.027477683 -0.091922939 0.995201349
24.155696066 -0.275979161 -4.203558922 15.521129608 0.019169282 -0.028764755 -0.092185207 0.995141685
24.189014267 -0.307282388 -4.217940331 15.585309982 0.019331986 -0.029651327 -0.092741497 0.995060861
24.222332469 -0.342298716 -4.233317852 15.671974182 0.019282401 -0.031462837 -0.092621952 0.995017290
24.255650670 -0.376202196 -4.252305508 15.754567146 0.018993210 -0.032772411 -0.092675351 0.994975626
24.288968872 -0.408837914 -4.265808582 15.829358101 0.019175656 -0.033853609 -0.092868283 0.994917989
24.322287073 -0.443218768 -4.282960892 15.894471169 0.019310886 -0.034578919 -0.093624629 0.994819522
24.355605275 -0.465298623 -4.296452522 15.940457344 0.018960219 -0.035475478 -0.093706898 0.994786918
24.388923476 -0.498165667 -4.311631680 16.010133743 0.019141046 -0.036328688 -0.094160333 0.994709849
24.422241677 -0.531430840 -4.326857090 16.084148407 0.019248158 -0.037352074 -0.094498567 0.994637847
24.455559879 -0.563656867 -4.343034267 16.152709961 0.019153167 -0.038252812 -0.094776049 0.994579017
24.488878080 -0.598140895 -4.355900764 16.224424362 0.019612413 -0.039309453 -0.095449694 0.994464397
24.522196282 -0.626162708 -4.368561745 16.281417847 0.019906469 -0.039946955 -0.096041381 0.994376242
24.555514483 -0.660695255 -4.387178898 16.354003906 0.019696405 -0.040947620 -0.096252121 0.994319320
24.588832685 -0.686552525 -4.398707867 16.409852982 0.019766694 -0.041686013 -0.096466534 0.994266450
24.622150886 -0.717012584 -4.412866116 16.467876434 0.019511933 -0.042427666 -0.096299075 0.994256377
24.655469088 -0.751373172 -4.425916195 16.540437698 0.019992068 -0.043341875 -0.097057499 0.994133651
24.688787289 -0.782563925 -4.442114830 16.608764648 0.019804394 -0.044290811 -0.097206950 0.994080961
24.722105491 -0.804583907 -4.453035355 16.653846741 0.019788355 -0.044929117 -0.097343341 0.994039297
24.755423692 -0.824649811 -4.466254234 16.698167801 0.019559197 -0.045663733 -0.097610578 0.993984163
24.788741894 -0.856005311 -4.477533817 16.762962341 0.019795612 -0.046494938 -0.097914279 0.993911028
24.822060095 -0.874981403 -4.485624790 16.811449051 0.019816417 -0.047437962 -0.097891793 0.993868291
24.855378297 -0.897776425 -4.493554115 16.851095200 0.019933391 -0.047845755 -0.098138228 0.993822098
24.888696498 -0.918210328 -4.503534317 16.888124466 0.019931657 -0.048332013 -0.098467790 0.993766010
24.922014700 -0.936109483 -4.511957169 16.931638718 0.019877244 -0.049233586 -0.098515093 0.993718147
24.955332901 -0.949224412 -4.518703461 16.958757401 0.019882616 -0.049734969 -0.098699309 0.993674755
24.988651102 -0.962909520 -4.523312092 16.986534119 0.020144247 -0.050227575 -0.099048629 0.993609965
25.021969304 -0.975760996 -4.527443886 17.005500793 0.020211296 -0.050507229 -0.099333480 0.993565977
25.055287505 -0.987152576 -4.531100750 17.020685196 0.020072309 -0.050828323 -0.099220842 0.993563712
25.088605707 -0.994143426 -4.533914089 17.035554886 0.020431969 -0.051231030 -0.099919491 0.993465662
25.121923908 -1.000922441 -4.535531521 17.048282623 0.020479070 -0.051694971 -0.100110732 0.993421435
25.155242110 -1.008116007 -4.536352634 17.062007904 0.020506142 -0.052220996 -0.100108236 0.993393600
25.188560311 -1.011367202 -4.538850784 17.069126129 0.020533985 -0.052592877 -0.100371063 0.993346870
25.221878513 -1.013639450 -4.538403988 17.076148987 0.020707980 -0.053061277 -0.100602351 0.993294954
25.255196714 -1.014893174 -4.540206432 17.076398849 0.020587025 -0.053393625 -0.100738965 0.993265808
25.288514916 -1.016041875 -4.540579796 17.077297211 0.020628190 -0.053696126 -0.101027235 0.993219376
25.321833117 -1.016449094 -4.540946007 17.076482773 0.020656083 -0.053971946 -0.101251721 0.993180990
25.355151319 -1.017675042 -4.539425850 17.081373215 0.020710779 -0.054412354 -0.101216130 0.993159473
25.388469520 -1.015426636 -4.540215969 17.075551987 0.020530067 -0.054695319 -0.101320401 0.993137062
25.421787722 -1.013723135 -4.537464619 17.074012756 0.020816114 -0.054959446 -0.101628654 0.993085027
25.455105923 -1.012461662 -4.537906647 17.073776245 0.020735016 -0.055325843 -0.101707503 0.993058264
25.488424125 -1.010893822 -4.535909176 17.063838959 0.020972352 -0.055277772 -0.102108203 0.993014812
25.521742326 -1.009914637 -4.533540249 17.063978195 0.020961080 -0.055625655 -0.102009475 0.993005812
25.555060527 -1.007971764 -4.533883572 17.060941696 0.020868298 -0.055841692 -0.102044165 0.992992043
25.588378729 -1.007763743 -4.532817841 17.062618256 0.021025579 -0.056123167 -0.102341808 0.992942214
25.621696930 -1.002450824 -4.534039974 17.054571152 0.020687453 -0.056403656 -0.102172583 0.992950857
25.655015132 -0.998892367 -4.535118103 17.042882919 0.020414965 -0.056477878 -0.102147490 0.992954850
