3.531729 0.0000000 0.0000000 0.0000000 -0.0000000 -0.0000000 -0.0000000 1.0000000
3.864911 -0.0263887 -0.0188755 0.0776351 -0.0004255 -0.0095819 -0.0033267 0.9999485
3.931548 -0.0314925 -0.0221638 0.0925092 -0.0001984 -0.0113859 -0.0041884 0.9999264
3.998184 -0.0365202 -0.0258362 0.1066064 -0.0003182 -0.0132277 -0.0048319 0.9999008
4.098139 -0.0445489 -0.0309936 0.1280925 -0.0001774 -0.0158630 -0.0059691 0.9998564
4.164775 -0.0498608 -0.0350923 0.1428926 -0.0004781 -0.0180513 -0.0062795 0.9998173
4.231412 -0.0556690 -0.0383784 0.1598179 -0.0000815 -0.0202518 -0.0069225 0.9997709
4.298048 -0.0616599 -0.0417007 0.1743089 0.0002290 -0.0218603 -0.0077544 0.9997309
4.364684 -0.0669487 -0.0456634 0.1889320 0.0000872 -0.0240306 -0.0082990 0.9996768
4.497957 -0.0782155 -0.0526517 0.2179142 0.0001618 -0.0280450 -0.0093515 0.9995629
4.564594 -0.0835349 -0.0560532 0.2320141 0.0001695 -0.0301662 -0.0099034 0.9994959
4.631230 -0.0890067 -0.0594413 0.2451481 0.0001444 -0.0319920 -0.0102780 0.9994353
4.697866 -0.0944651 -0.0628159 0.2586550 0.0002409 -0.0339962 -0.0110050 0.9993613
4.764503 -0.0998991 -0.0663628 0.2719249 0.0001888 -0.0360826 -0.0115382 0.9992822
4.897776 -0.1120423 -0.0732145 0.2990365 0.0002002 -0.0407091 -0.0128394 0.9990885
5.064367 -0.1274122 -0.0813822 0.3308817 0.0004227 -0.0458739 -0.0146137 0.9988403
5.164321 -0.1366937 -0.0863650 0.3497833 0.0008199 -0.0482614 -0.0161606 0.9987037
5.264276 -0.1459095 -0.0916062 0.3689242 0.0007049 -0.0507867 -0.0167977 0.9985681
5.364230 -0.1556905 -0.0966847 0.3891458 0.0010382 -0.0530764 -0.0181163 0.9984256
5.464185 -0.1655214 -0.1021930 0.4095858 0.0008633 -0.0555231 -0.0186925 0.9982820
5.564140 -0.1754916 -0.1076014 0.4300721 0.0010075 -0.0577738 -0.0198072 0.9981327
5.664094 -0.1848868 -0.1123502 0.4492836 0.0012980 -0.0599861 -0.0208831 0.9979799
5.764049 -0.1944355 -0.1173919 0.4680361 0.0010516 -0.0622173 -0.0212490 0.9978359
5.864003 -0.2042741 -0.1224817 0.4876985 0.0010970 -0.0643905 -0.0222059 0.9976771
5.963958 -0.2141661 -0.1275178 0.5073957 0.0011153 -0.0662799 -0.0231608 0.9975316
6.063913 -0.2245567 -0.1326122 0.5292848 0.0010503 -0.0683171 -0.0233030 0.9973909
6.330458 -0.2533836 -0.1448628 0.5842475 0.0013345 -0.0724568 -0.0244848 0.9970701
6.463731 -0.2653186 -0.1513447 0.6061904 0.0010873 -0.0741716 -0.0253762 0.9969220
6.597004 -0.2785129 -0.1574541 0.6342311 0.0011112 -0.0759813 -0.0253491 0.9967864
6.730277 -0.2909895 -0.1640149 0.6589794 0.0010275 -0.0770397 -0.0253100 0.9967062
6.930186 -0.3087818 -0.1734922 0.6949456 0.0012819 -0.0776541 -0.0257334 0.9966474
7.063459 -0.3209272 -0.1795959 0.7180124 0.0015384 -0.0772696 -0.0257559 0.9966763
7.330004 -0.3429051 -0.1911481 0.7610874 0.0016941 -0.0759180 -0.0253168 0.9967912
7.463277 -0.3530366 -0.1966845 0.7806177 0.0018396 -0.0745067 -0.0250520 0.9969041
7.596550 -0.3631092 -0.2017629 0.8001239 0.0021496 -0.0726130 -0.0247375 0.9970511
7.696505 -0.3701274 -0.2056002 0.8141624 0.0022274 -0.0709570 -0.0238687 0.9971913
7.829777 -0.3795048 -0.2103847 0.8322707 0.0025605 -0.0678786 -0.0231389 0.9974219
7.929732 -0.3863445 -0.2139602 0.8458958 0.0028397 -0.0652278 -0.0225018 0.9976127
8.329550 -0.4120026 -0.2282187 0.8971459 0.0034717 -0.0543033 -0.0202382 0.9983134
8.429505 -0.4173733 -0.2314455 0.9078725 0.0037029 -0.0514070 -0.0201176 0.9984683
8.729369 -0.4347583 -0.2411853 0.9418977 0.0045700 -0.0420962 -0.0209722 0.9988829
8.962596 -0.4471776 -0.2485109 0.9666160 0.0051245 -0.0343272 -0.0207948 0.9991812
9.029233 -0.4512194 -0.2509006 0.9741113 0.0053558 -0.0318240 -0.0214242 0.9992495
9.129187 -0.4561379 -0.2539915 0.9846681 0.0055647 -0.0287582 -0.0210760 0.9993487
9.329096 -0.4662337 -0.2601309 1.0056618 0.0061972 -0.0220406 -0.0208575 0.9995203
9.695597 -0.4841312 -0.2708145 1.0427905 0.0071220 -0.0096929 -0.0202303 0.9997230
9.895506 -0.4926459 -0.2761138 1.0597292 0.0077396 -0.0006195 -0.0195184 0.9997793
10.095415 -0.5011584 -0.2813827 1.0783217 0.0082265 0.0072857 -0.0182920 0.9997723
10.295324 -0.5078592 -0.2872761 1.0966921 0.0083269 0.0148748 -0.0165257 0.9997181
10.395279 -0.5112322 -0.2899704 1.1064333 0.0085618 0.0188227 -0.0154527 0.9996668
10.495233 -0.5152449 -0.2926577 1.1156367 0.0088015 0.0232451 -0.0145170 0.9995857
10.895052 -0.5267044 -0.3038523 1.1515557 0.0087608 0.0402094 -0.0101151 0.9991017
11.061643 -0.5312488 -0.3084590 1.1672890 0.0087571 0.0480457 -0.0081676 0.9987734
11.361507 -0.5404032 -0.3191644 1.2028133 0.0085899 0.0621839 -0.0059416 0.9980101
11.461461 -0.5428194 -0.3226789 1.2145391 0.0087046 0.0666243 -0.0053121 0.9977260
11.561416 -0.5462472 -0.3268388 1.2283416 0.0086529 0.0713276 -0.0050076 0.9974028
11.728007 -0.5503528 -0.3334071 1.2508109 0.0088463 0.0783213 -0.0043314 0.9968795
12.061189 -0.5587745 -0.3480630 1.3013297 0.0088214 0.0922951 -0.0018061 0.9956910
12.127825 -0.5597653 -0.3508263 1.3101807 0.0088139 0.0950378 -0.0009393 0.9954342
12.227780 -0.5623708 -0.3556038 1.3272218 0.0090361 0.0995851 -0.0008696 0.9949877
12.627598 -0.5721810 -0.3751631 1.3990374 0.0097481 0.1171386 0.0016023 0.9930664
12.727553 -0.5746388 -0.3805737 1.4190073 0.0100110 0.1217687 0.0020072 0.9925060
12.827508 -0.5774980 -0.3866125 1.4414302 0.0103322 0.1261411 0.0025394 0.9919553
12.927462 -0.5804638 -0.3925610 1.4641902 0.0107465 0.1304334 0.0025635 0.9913955
13.160690 -0.5855578 -0.4092033 1.5245088 0.0111176 0.1405128 0.0044691 0.9900063
13.227326 -0.5875213 -0.4133973 1.5425538 0.0114015 0.1434710 0.0051596 0.9895754
13.627144 -0.5941125 -0.4491082 1.6532173 0.0117175 0.1622976 0.0083503 0.9866370
13.693781 -0.5945529 -0.4553691 1.6756104 0.0119953 0.1651647 0.0090573 0.9861515
13.860372 -0.5944185 -0.4747410 1.7337003 0.0117824 0.1726486 0.0108204 0.9848536
13.927008 -0.5950745 -0.4825698 1.7591842 0.0119054 0.1758036 0.0112401 0.9842891
14.026963 -0.5942289 -0.4955757 1.8041928 0.0120195 0.1800604 0.0123437 0.9835047
14.093599 -0.5930883 -0.5039276 1.8334490 0.0122051 0.1828826 0.0131036 0.9829717
14.193554 -0.5919443 -0.5178751 1.8811623 0.0124762 0.1872903 0.0137789 0.9821287
14.260190 -0.5905982 -0.5276870 1.9142551 0.0126971 0.1902036 0.0143481 0.9815577
14.326827 -0.5888185 -0.5370873 1.9469609 0.0129344 0.1930764 0.0151419 0.9809816
14.460099 -0.5842243 -0.5573596 2.0162628 0.0132540 0.1987022 0.0166339 0.9798291
14.526736 -0.5815579 -0.5685358 2.0513728 0.0133148 0.2015052 0.0172910 0.9792443
14.593372 -0.5797007 -0.5792555 2.0897622 0.0136733 0.2046547 0.0179643 0.9785739
14.660009 -0.5762362 -0.5912390 2.1257331 0.0138732 0.2076866 0.0183783 0.9779243
14.726645 -0.5728226 -0.6030139 2.1644876 0.0142556 0.2106135 0.0188291 0.9772841
14.793281 -0.5699809 -0.6146268 2.2030349 0.0146566 0.2136947 0.0193239 0.9765994
14.859918 -0.5660934 -0.6267402 2.2409799 0.0149327 0.2164922 0.0194861 0.9759756
14.926554 -0.5617018 -0.6395444 2.2833848 0.0152924 0.2192187 0.0199437 0.9753520
14.993191 -0.5555906 -0.6530266 2.3279481 0.0153853 0.2216829 0.0201880 0.9747884
15.126463 -0.5467867 -0.6786031 2.4109747 0.0158865 0.2274210 0.0206517 0.9734479
15.193100 -0.5409994 -0.6915170 2.4541991 0.0160491 0.2300099 0.0210140 0.9728290
15.259736 -0.5359353 -0.7053807 2.4975243 0.0162523 0.2328927 0.0210350 0.9721391
15.393009 -0.5236424 -0.7338098 2.5901401 0.0166263 0.2377002 0.0216019 0.9709560
15.459645 -0.5165544 -0.7488173 2.6401985 0.0168364 0.2399663 0.0221442 0.9703826
15.526282 -0.5091926 -0.7654892 2.6940715 0.0170189 0.2423278 0.0224288 0.9697858
15.692873 -0.4886062 -0.8062997 2.8282428 0.0172878 0.2481269 0.0235959 0.9682859
15.759509 -0.4798705 -0.8233032 2.8843045 0.0173475 0.2505905 0.0241812 0.9676357
15.826146 -0.4703617 -0.8399785 2.9384177 0.0175463 0.2532553 0.0245900 0.9669277
15.892782 -0.4602026 -0.8564584 2.9933701 0.0176947 0.2559633 0.0256058 0.9661853
15.959419 -0.4499671 -0.8742777 3.0502419 0.0178677 0.2588377 0.0258739 0.9654089
16.026055 -0.4372923 -0.8928168 3.1091521 0.0179197 0.2609798 0.0265007 0.9648141
16.159328 -0.4117392 -0.9309288 3.2332547 0.0180435 0.2650342 0.0279444 0.9636651
16.259282 -0.3906308 -0.9601679 3.3326101 0.0181991 0.2678128 0.0287619 0.9628696
16.325919 -0.3765895 -0.9809284 3.4011493 0.0182282 0.2698101 0.0291574 0.9622994
16.392555 -0.3613801 -1.0007344 3.4682446 0.0183534 0.2715131 0.0298914 0.9617953
16.459192 -0.3471673 -1.0225830 3.5399699 0.0183935 0.2735368 0.0305339 0.9612008
16.525828 -0.3317715 -1.0444137 3.6105783 0.0183327 0.2755176 0.0310449 0.9606197
16.592464 -0.3151238 -1.0645087 3.6800075 0.0186312 0.2774060 0.0317902 0.9600459
16.659101 -0.2989112 -1.0859631 3.7482963 0.0186156 0.2793669 0.0327465 0.9594453
16.759055 -0.2745438 -1.1198202 3.8562896 0.0188512 0.2826682 0.0337005 0.9584402
16.859010 -0.2458116 -1.1538719 3.9661310 0.0191656 0.2856519 0.0348380 0.9575082
16.992283 -0.2037857 -1.2010435 4.1133928 0.0196021 0.2911833 0.0362455 0.9557795
17.092237 -0.1729286 -1.2378224 4.2229848 0.0196541 0.2949347 0.0368979 0.9546025
17.225510 -0.1267660 -1.2851444 4.3747487 0.0198566 0.2987144 0.0385865 0.9533554
17.358783 -0.0800780 -1.3326048 4.5300837 0.0200949 0.3023464 0.0398287 0.9521536
17.492056 -0.0283217 -1.3839703 4.6872892 0.0200131 0.3057930 0.0410397 0.9510025
17.625329 0.0239680 -1.4325237 4.8425665 0.0202397 0.3091314 0.0424988 0.9498537
17.758601 0.0788597 -1.4806008 4.9945436 0.0204318 0.3127179 0.0435532 0.9486271
17.925192 0.1549047 -1.5457289 5.1924820 0.0204370 0.3168035 0.0436913 0.9472639
18.058465 0.2191245 -1.5964808 5.3514194 0.0205766 0.3191057 0.0447447 0.9464387
18.191738 0.2881453 -1.6487513 5.5190706 0.0208595 0.3208869 0.0448442 0.9458253
18.358329 0.3784539 -1.7177418 5.7343817 0.0209448 0.3221621 0.0451407 0.9453757
18.491602 0.4532198 -1.7723310 5.9082975 0.0209097 0.3222542 0.0452830 0.9453383
18.658193 0.5399974 -1.8379613 6.1153712 0.0210883 0.3218846 0.0440017 0.9455208
18.824784 0.6320294 -1.9043366 6.3289270 0.0210768 0.3199520 0.0433092 0.9462087
18.991375 0.7246466 -1.9702411 6.5389776 0.0211504 0.3169289 0.0409034 0.9473308
19.157966 0.8135571 -2.0338447 6.7476354 0.0211732 0.3116104 0.0386532 0.9491873
19.324557 0.8968692 -2.0939050 6.9622459 0.0217759 0.3050545 0.0355130 0.9514234
19.491148 0.9778173 -2.1533580 7.1694555 0.0221382 0.2973996 0.0320204 0.9539592
19.657739 1.0528364 -2.2122977 7.3731771 0.0223888 0.2890424 0.0279782 0.9566454
19.824330 1.1160446 -2.2657382 7.5690408 0.0231235 0.2797181 0.0221370 0.9595484
19.990921 1.1746991 -2.3208215 7.7651348 0.0235336 0.2686321 0.0166687 0.9628111
20.190830 1.2455181 -2.3939161 8.0231495 0.0239502 0.2540078 0.0092799 0.9668611
20.357421 1.2935777 -2.4584661 8.2390442 0.0235145 0.2401763 0.0047434 0.9704329
20.490694 1.3204634 -2.5091414 8.4116068 0.0231379 0.2291701 0.0011260 0.9731107
20.623967 1.3449403 -2.5603545 8.5887442 0.0227052 0.2177392 -0.0028826 0.9757386
20.723921 1.3583096 -2.5986350 8.7190781 0.0222256 0.2090668 -0.0054309 0.9776337
20.823876 1.3702934 -2.6388967 8.8523388 0.0214973 0.1999789 -0.0074763 0.9795358
20.923831 1.3786572 -2.6797709 8.9901743 0.0208058 0.1908189 -0.0094185 0.9813595
21.023785 1.3855621 -2.7201223 9.1369143 0.0206515 0.1818994 -0.0126400 0.9830190
21.123740 1.3869241 -2.7593856 9.2768660 0.0202367 0.1732507 -0.0155442 0.9845471
21.223694 1.3862981 -2.7969139 9.4199533 0.0202714 0.1648406 -0.0192580 0.9859238
21.323649 1.3812141 -2.8326461 9.5727463 0.0207348 0.1562006 -0.0231665 0.9872360
21.423604 1.3735943 -2.8750420 9.7357254 0.0205938 0.1474842 -0.0263900 0.9884978
21.523558 1.3627315 -2.9141102 9.9064484 0.0211950 0.1391516 -0.0307358 0.9895670
21.623513 1.3489194 -2.9557800 10.0761251 0.0212525 0.1307833 -0.0338989 0.9906033
21.723467 1.3309098 -2.9992774 10.2490177 0.0212302 0.1227940 -0.0375537 0.9914942
21.823422 1.3111550 -3.0432274 10.4261799 0.0213417 0.1150147 -0.0410646 0.9922852
21.923377 1.2881469 -3.0900743 10.6185408 0.0215441 0.1074092 -0.0444884 0.9929854
22.023331 1.2628617 -3.1395459 10.8127708 0.0212209 0.0995086 -0.0470131 0.9936989
22.123286 1.2330761 -3.1899889 11.0198154 0.0209720 0.0908705 -0.0501191 0.9943796
22.223240 1.1997095 -3.2379122 11.2096214 0.0206576 0.0827288 -0.0533804 0.9949270
22.323195 1.1582801 -3.2890978 11.4169235 0.0206163 0.0751706 -0.0565611 0.9953518
22.423150 1.1129680 -3.3411798 11.6244373 0.0202308 0.0679355 -0.0592478 0.9957234
22.523104 1.0621358 -3.3931048 11.8373528 0.0200341 0.0611003 -0.0619722 0.9960045
22.623059 1.0079061 -3.4468179 12.0524015 0.0194995 0.0539436 -0.0643263 0.9962791
22.723013 0.9501749 -3.4975734 12.2714310 0.0194083 0.0471119 -0.0669397 0.9964551
22.822968 0.8873674 -3.5462089 12.4987049 0.0196817 0.0403545 -0.0695036 0.9965709
22.922923 0.8180730 -3.5993171 12.7288485 0.0195068 0.0340184 -0.0718072 0.9966474
23.022877 0.7443395 -3.6530867 12.9666290 0.0194176 0.0276856 -0.0740720 0.9966794
23.122832 0.6649023 -3.7052455 13.2065964 0.0192388 0.0209355 -0.0763170 0.9966782
23.256105 0.5519554 -3.7756572 13.5257740 0.0191187 0.0125533 -0.0791128 0.9966033
23.356059 0.4663079 -3.8256035 13.7581987 0.0191271 0.0069336 -0.0812625 0.9964851
23.456014 0.3779498 -3.8747983 13.9843769 0.0190399 0.0014889 -0.0829077 0.9963742
23.555968 0.2859839 -3.9222012 14.2124863 0.0191642 -0.0037587 -0.0848378 0.9962034
23.655923 0.1915761 -3.9708776 14.4366732 0.0190792 -0.0086485 -0.0864372 0.9960371
23.722559 0.1302873 -4.0028815 14.5870323 0.0190716 -0.0118993 -0.0875227 0.9959089
23.822514 0.0369542 -4.0527639 14.8090067 0.0188070 -0.0165200 -0.0887210 0.9957419
23.922469 -0.0594794 -4.0908318 15.0293236 0.0197367 -0.0205979 -0.0905605 0.9954823
24.022423 -0.1540669 -4.1420302 15.2488995 0.0193342 -0.0246503 -0.0915453 0.9953080
24.122378 -0.2498713 -4.1890640 15.4708147 0.0195422 -0.0286110 -0.0926911 0.9950919
24.255651 -0.3813560 -4.2536941 15.7680378 0.0195459 -0.0333105 -0.0939693 0.9948257
24.388923 -0.5130008 -4.3177319 16.0497437 0.0197037 -0.0371100 -0.0953255 0.9945590
24.522196 -0.6415498 -4.3749013 16.3230572 0.0200831 -0.0407317 -0.0965029 0.9942961
24.655469 -0.7667037 -4.4304247 16.5814838 0.0203439 -0.0440009 -0.0974626 0.9940579
24.788742 -0.8647730 -4.4765553 16.7866592 0.0203276 -0.0468216 -0.0983478 0.9938422
25.055288 -0.9885234 -4.5302539 17.0256996 0.0203035 -0.0508836 -0.0993727 0.9935410
25.321833 -1.0176492 -4.5394511 17.0835190 0.0208109 -0.0541459 -0.1012022 0.9931734
