# ORB-SLAM3 monocular per-frame trajectory, TUM format
# timestamp tx ty tz qx qy qz qw   (Twc: camera-to-world)
0.799351852 -0.022724170 -0.016666271 0.057151549 -0.000083078 -0.001379067 0.000556740 0.999998927
0.832658179 -0.023734059 -0.017587654 0.060076531 -0.000128716 -0.001370547 0.000555809 0.999998927
0.865964506 -0.025378298 -0.018662272 0.064346664 -0.000084935 -0.001305321 0.000684787 0.999998927
0.899270833 -0.026844120 -0.020004192 0.067948431 -0.000157648 -0.001148958 0.000549602 0.999999225
0.932577160 -0.027862122 -0.020893937 0.071245909 -0.000298764 -0.001235957 0.000853492 0.999998808
0.965883488 -0.029956220 -0.021949230 0.075480931 -0.000114255 -0.000899330 0.000610322 0.999999404
0.999189815 -0.030585254 -0.022837933 0.078575633 -0.000152253 -0.001096274 0.000872945 0.999999046
1.032496142 -0.031997737 -0.023933152 0.082423024 -0.000181864 -0.001046099 0.000935654 0.999999046
1.065802469 -0.033377666 -0.025093509 0.086401515 -0.000157174 -0.001000418 0.000895765 0.999999106
1.099108796 -0.034162562 -0.025914693 0.089133605 -0.000187949 -0.001097510 0.000950153 0.999998927
1.132415123 -0.034823969 -0.027024761 0.092415385 -0.000289954 -0.001258900 0.001065513 0.999998629
1.165721451 -0.036682390 -0.027961278 0.096730731 -0.000190203 -0.001110135 0.001029955 0.999998868
1.199027778 -0.037264585 -0.028747343 0.099836282 -0.000110000 -0.001256520 0.001136889 0.999998569
1.232334105 -0.038792197 -0.029814631 0.103389949 -0.000230266 -0.001145025 0.001356537 0.999998391
1.265640432 -0.040102024 -0.030456090 0.107425183 -0.000206804 -0.001149584 0.001760188 0.999997795
1.298946759 -0.041186675 -0.031785686 0.110298209 -0.000304075 -0.000973093 0.000890241 0.999999106
1.332253086 -0.042411938 -0.032800842 0.114368595 -0.000363692 -0.000975184 0.001249194 0.999998689
1.365559414 -0.043679744 -0.034031451 0.117974214 -0.000402144 -0.000924538 0.001173687 0.999998808
1.398865741 -0.044939861 -0.035205506 0.121796511 -0.000530196 -0.000925847 0.001121401 0.999998808
1.432172068 -0.046181962 -0.036127858 0.125473514 -0.000381689 -0.000899098 0.001162096 0.999998868
1.465478395 -0.047311366 -0.037202001 0.129167542 -0.000516029 -0.000960528 0.001338087 0.999998510
1.498784722 -0.048689701 -0.038045119 0.132870585 -0.000270622 -0.000898759 0.001059147 0.999998987
1.532091049 -0.049008075 -0.038694527 0.135987505 -0.000324390 -0.001317994 0.001572780 0.999997854
1.565397377 -0.049113296 -0.039414231 0.138742864 -0.000265075 -0.001822500 0.001934716 0.999996424
1.598703704 -0.052131966 -0.041252725 0.144048288 -0.000467322 -0.001118978 0.001397099 0.999998331
1.632010031 -0.053618047 -0.042648125 0.148095518 -0.000364127 -0.000985609 0.000629134 0.999999285
1.665316358 -0.054277599 -0.043258421 0.151592612 -0.000348028 -0.001284785 0.001444967 0.999998093
1.698622685 -0.056454442 -0.044537079 0.156456515 -0.000244298 -0.000913304 0.001189165 0.999998868
1.731929012 -0.057557251 -0.045646437 0.160377949 -0.000225389 -0.001037158 0.001262068 0.999998629
1.765235340 -0.059469704 -0.047322564 0.164758801 -0.000413396 -0.000803503 0.001054672 0.999999046
1.798541667 -0.060989972 -0.048242826 0.169576541 -0.000446839 -0.000983041 0.001557942 0.999998212
1.831847994 -0.062418949 -0.050142430 0.173886403 -0.000534854 -0.000665102 0.000793619 0.999999344
1.865154321 -0.063304156 -0.050916482 0.177097857 -0.000366940 -0.000946582 0.000612319 0.999999285
1.898460648 -0.065157875 -0.052576534 0.181930467 -0.000717005 -0.000591245 0.000529855 0.999999464
1.931766975 -0.066401824 -0.053478584 0.186096072 -0.000440008 -0.000640791 0.000615868 0.999999523
1.965073302 -0.068197198 -0.055027384 0.190758333 -0.000557069 -0.000469811 0.000447293 0.999999642
1.998379630 -0.068951361 -0.055929098 0.194105551 -0.000432875 -0.000650872 0.000252636 0.999999702
2.031685957 -0.070601694 -0.057229172 0.198876292 -0.000418870 -0.000691502 0.000329001 0.999999642
2.064992284 -0.072365485 -0.058727413 0.203204229 -0.000399463 -0.000546207 -0.000169194 0.999999762
2.098298611 -0.073752366 -0.060007121 0.208018333 -0.000361760 -0.000717681 -0.000182798 0.999999642
2.131604938 -0.074913077 -0.061278533 0.212300956 -0.000423908 -0.000828709 0.000111497 0.999999583
2.164911265 -0.076548263 -0.062695183 0.216865137 -0.000386826 -0.000867361 -0.000035779 0.999999523
2.198217593 -0.078602843 -0.064315215 0.222212598 -0.000434127 -0.000774527 -0.000093774 0.999999642
2.231523920 -0.079798259 -0.065427355 0.226324245 -0.000281307 -0.000885446 -0.000195415 0.999999583
2.264830247 -0.081356458 -0.066816419 0.230798185 -0.000415967 -0.000918131 -0.000106272 0.999999523
2.298136574 -0.083478600 -0.068494424 0.236498117 -0.000466276 -0.000927825 -0.000097981 0.999999464
2.331442901 -0.085129157 -0.069798492 0.241192892 -0.000364806 -0.000992870 -0.000220760 0.999999404
2.364749228 -0.086379141 -0.071108408 0.245433718 -0.000533151 -0.001176705 -0.000009103 0.999999166
2.398055556 -0.087969497 -0.072420627 0.249934107 -0.000410241 -0.001156254 -0.000145371 0.999999285
2.431361883 -0.089446202 -0.073559567 0.254248202 -0.000355965 -0.001253679 0.000100506 0.999999166
2.464668210 -0.091284186 -0.075177222 0.259303123 -0.000370593 -0.001188262 -0.000359018 0.999999166
2.497974537 -0.092228010 -0.076401338 0.263249069 -0.000310069 -0.001434538 -0.000440477 0.999998808
2.531280864 -0.093676679 -0.077396646 0.267208189 -0.000294387 -0.001517251 -0.000383498 0.999998748
2.564587191 -0.095518894 -0.079214059 0.272642732 -0.000198701 -0.001500176 -0.000970270 0.999998391
2.597893519 -0.097579502 -0.080704689 0.277712315 -0.000151196 -0.001490436 -0.000694243 0.999998689
2.631199846 -0.099033937 -0.081955418 0.282348871 -0.000122918 -0.001731424 -0.000571161 0.999998331
2.664506173 -0.100400738 -0.083071269 0.286558032 0.000022303 -0.001878048 -0.000374426 0.999998212
2.697812500 -0.102417074 -0.084598213 0.292035609 -0.000071569 -0.001943344 -0.000430438 0.999998033
2.731118827 -0.103932217 -0.086110406 0.296512306 -0.000078795 -0.001996686 -0.000818208 0.999997675
2.764425154 -0.105292499 -0.087489493 0.300894767 -0.000232173 -0.002165112 -0.000862498 0.999997258
2.797731481 -0.107454129 -0.089204997 0.306477278 -0.000150598 -0.002024629 -0.001478288 0.999996841
2.831037809 -0.109186888 -0.090659916 0.311076909 -0.000299916 -0.002060078 -0.001451234 0.999996781
2.864344136 -0.110694416 -0.091816217 0.315747172 -0.000205046 -0.002164603 -0.001511105 0.999996483
2.897650463 -0.112688869 -0.093440786 0.321170837 -0.000295573 -0.002198676 -0.001276931 0.999996722
2.930956790 -0.114253722 -0.094720431 0.326164871 -0.000314280 -0.002362783 -0.001434727 0.999996126
2.964263117 -0.115758546 -0.096232459 0.330692321 -0.000407770 -0.002317397 -0.001791480 0.999995649
2.997569444 -0.117863983 -0.097721033 0.336644888 -0.000750105 -0.002629469 -0.001484105 0.999995172
3.030875772 -0.119449317 -0.099079907 0.341401249 -0.000616716 -0.002547613 -0.001240921 0.999995828
3.064182099 -0.120933548 -0.100531429 0.345848233 -0.000583583 -0.002640250 -0.001500687 0.999995232
3.097488426 -0.122417592 -0.102152869 0.350798041 -0.000720468 -0.002774667 -0.001776573 0.999994338
3.130794753 -0.124142602 -0.103716761 0.355758637 -0.000696282 -0.002844692 -0.001922729 0.999993861
3.164101080 -0.125830919 -0.104976118 0.360656053 -0.000670254 -0.002884661 -0.001784031 0.999994040
3.197407407 -0.127615467 -0.106482886 0.365406692 -0.000691421 -0.002807008 -0.001994160 0.999993861
3.230713735 -0.129671589 -0.107899114 0.370873243 -0.000763707 -0.002759134 -0.001664881 0.999994516
3.264020062 -0.131205648 -0.109243773 0.375608534 -0.000709813 -0.002805518 -0.001673926 0.999994457
3.297326389 -0.132446617 -0.110724583 0.380106270 -0.000762447 -0.002980196 -0.001768887 0.999993742
3.330632716 -0.134661973 -0.112163305 0.385522038 -0.000776562 -0.002835237 -0.001621256 0.999994397
3.363939043 -0.136491254 -0.113568224 0.390696794 -0.000772480 -0.002786330 -0.001558516 0.999994636
3.397245370 -0.137970179 -0.114954248 0.395520210 -0.000819037 -0.002954233 -0.001375126 0.999994397
3.430551698 -0.139842495 -0.116481490 0.400877655 -0.000765932 -0.002873466 -0.001517269 0.999994457
3.463858025 -0.141306445 -0.117833279 0.405417144 -0.000783927 -0.002882673 -0.001478780 0.999994457
3.497164352 -0.142697066 -0.119098067 0.409969926 -0.000904180 -0.002999352 -0.001024913 0.999994576
3.530470679 -0.144467756 -0.120675489 0.415028811 -0.000978230 -0.002966295 -0.001092494 0.999994516
3.563777006 -0.146286502 -0.122179657 0.420081019 -0.001010843 -0.002852194 -0.001071822 0.999994874
3.597083333 -0.147904828 -0.123574905 0.424921274 -0.000989403 -0.002832739 -0.001053231 0.999994934
3.630389660 -0.149520755 -0.124901570 0.429395676 -0.001088040 -0.002764960 -0.000868693 0.999995232
3.663695988 -0.150835440 -0.126003578 0.434149355 -0.001179262 -0.002894314 -0.000262608 0.999995112
3.697002315 -0.153077334 -0.127734825 0.439686686 -0.001182375 -0.002516993 -0.000670819 0.999995947
3.730308642 -0.154804751 -0.128991097 0.444713175 -0.001078853 -0.002558486 -0.000450468 0.999996066
3.763614969 -0.156288609 -0.130321428 0.449483305 -0.001080961 -0.002540800 -0.000301332 0.999996185
3.796921296 -0.157858133 -0.131791681 0.454302996 -0.001079509 -0.002477456 -0.000170558 0.999996364
3.830227623 -0.159540445 -0.133210659 0.459167808 -0.001153882 -0.002339168 -0.000046995 0.999996603
3.863533951 -0.160698995 -0.134197190 0.463613659 -0.001087983 -0.002472078 0.000360116 0.999996305
3.896840278 -0.162619516 -0.135410964 0.468950123 -0.000918053 -0.002293082 0.000506003 0.999996841
3.930146605 -0.164191797 -0.137053728 0.473802060 -0.001110813 -0.002264345 0.000663238 0.999996603
3.963452932 -0.165971234 -0.138545915 0.478868723 -0.001243590 -0.002129061 0.000982946 0.999996483
3.996759259 -0.167838782 -0.139678106 0.484431088 -0.001054480 -0.002041023 0.001220022 0.999996603
4.030065586 -0.169418097 -0.140902221 0.489213258 -0.000965634 -0.001942104 0.001327922 0.999996781
4.063371914 -0.171333581 -0.142213181 0.495039374 -0.000856673 -0.001982328 0.001856356 0.999995947
4.096678241 -0.172403827 -0.143190265 0.498055309 -0.001122778 -0.001742401 0.002153908 0.999995530
4.129984568 -0.174188271 -0.144987881 0.503994405 -0.001232535 -0.001613049 0.001992949 0.999995947
4.163290895 -0.175726160 -0.146915331 0.509200513 -0.001568061 -0.001437696 0.001979683 0.999995768
4.196597222 -0.176714092 -0.147830695 0.512298107 -0.001556279 -0.001095837 0.002129804 0.999995947
4.229903549 -0.178729311 -0.149813429 0.517990589 -0.001692322 -0.000700314 0.002215406 0.999995887
4.263209877 -0.180240497 -0.150942460 0.523284495 -0.001616609 -0.000517419 0.002576530 0.999995291
4.296516204 -0.181244522 -0.152718216 0.528637826 -0.001601157 -0.000408408 0.002604823 0.999995232
4.329822531 -0.182374790 -0.154160023 0.533066213 -0.001724868 -0.000162446 0.002856107 0.999994457
4.363128858 -0.183867648 -0.155876175 0.538312793 -0.001718066 0.000305821 0.002868559 0.999994338
4.396435185 -0.185581088 -0.157483771 0.543459773 -0.001599755 0.000851498 0.002830037 0.999994397
4.429741512 -0.186609820 -0.159093380 0.548971415 -0.001697999 0.000961647 0.003311455 0.999992609
4.463047840 -0.188079834 -0.160396650 0.553549707 -0.001475894 0.001560871 0.003166435 0.999992669
4.496354167 -0.189624459 -0.161114410 0.557607651 -0.001232030 0.002148024 0.003606773 0.999990463
4.529660494 -0.191215366 -0.163056895 0.562625110 -0.001349709 0.002667466 0.003311448 0.999990046
4.562966821 -0.193206221 -0.164513186 0.566563189 -0.001423297 0.003466383 0.003608968 0.999986470
4.596273148 -0.193284899 -0.167045400 0.572738349 -0.001891257 0.002984595 0.003741642 0.999986768
4.629579475 -0.194823802 -0.167758331 0.577002108 -0.001460448 0.003510747 0.003614180 0.999986231
4.662885802 -0.196288884 -0.168814540 0.582108736 -0.001236636 0.003943571 0.003727003 0.999984503
4.696192130 -0.197007060 -0.170500562 0.587087572 -0.001412865 0.003939944 0.004329261 0.999981880
4.729498457 -0.198506087 -0.172035813 0.591128051 -0.001527478 0.004692019 0.004218560 0.999978960
4.762804784 -0.200047791 -0.173877060 0.595415533 -0.001532481 0.005270800 0.003656531 0.999978244
4.796111111 -0.200871527 -0.174844965 0.600482881 -0.001298705 0.005378132 0.004072135 0.999976397
4.829417438 -0.201738149 -0.176487923 0.605647504 -0.001475148 0.005524030 0.004447351 0.999973774
4.862723765 -0.203821376 -0.177497253 0.610890746 -0.001213540 0.006317175 0.004751441 0.999968052
4.896030093 -0.205092162 -0.178447619 0.614426494 -0.001148414 0.006882196 0.004825663 0.999963999
4.929336420 -0.206951767 -0.180006355 0.619435966 -0.001216923 0.007540006 0.005144528 0.999957621
4.962642747 -0.207831800 -0.181557074 0.624641776 -0.001266829 0.007813520 0.005186368 0.999955237
4.995949074 -0.209085524 -0.182826161 0.629104912 -0.001262139 0.008305357 0.005560873 0.999949276
5.029255401 -0.211218536 -0.183247805 0.632748902 -0.001085983 0.009305433 0.006161212 0.999937117
5.062561728 -0.212842196 -0.185207292 0.637572646 -0.001266025 0.010021414 0.006118450 0.999930263
5.095868056 -0.214456826 -0.187234953 0.641723990 -0.001529068 0.010750981 0.006111497 0.999922395
5.129174383 -0.215544999 -0.188153148 0.646682143 -0.001484591 0.011159888 0.006645104 0.999914587
5.162480710 -0.216964915 -0.188308835 0.650745451 -0.000764890 0.011882233 0.006993323 0.999904692
5.195787037 -0.218573689 -0.190148145 0.655297518 -0.001083919 0.012639603 0.007007946 0.999894977
5.229093364 -0.219335020 -0.191604286 0.660304844 -0.001262954 0.012888491 0.007564598 0.999887526
5.262399691 -0.221249968 -0.193189457 0.663683653 -0.001545980 0.014203208 0.007659996 0.999868631
5.295706019 -0.223611310 -0.194409907 0.667810738 -0.001628178 0.015436412 0.007862481 0.999848604
5.329012346 -0.225777045 -0.196009606 0.672357261 -0.001789665 0.016519275 0.008365399 0.999826968
5.362318673 -0.227441028 -0.197759345 0.677404344 -0.001955175 0.017365815 0.008540831 0.999810815
5.395625000 -0.229390755 -0.198611036 0.681757390 -0.001772950 0.018533213 0.008930728 0.999786794
5.428931327 -0.231111169 -0.199473798 0.686076105 -0.001641902 0.019572195 0.009479735 0.999762177
5.462237654 -0.233248502 -0.200911760 0.690570951 -0.001734474 0.020863609 0.010077159 0.999730051
5.495543981 -0.232972771 -0.202845007 0.695763826 -0.002149159 0.020822652 0.010338444 0.999727428
5.528850309 -0.233751163 -0.203507468 0.700609207 -0.001835110 0.021427643 0.011037956 0.999707818
5.562156636 -0.234900713 -0.205552995 0.705664635 -0.002161868 0.022231545 0.010974391 0.999690294
5.595462963 -0.235537916 -0.205860198 0.710267782 -0.001598899 0.022988711 0.011650704 0.999666572
5.628769290 -0.237754270 -0.208009973 0.715930521 -0.002142886 0.024334708 0.012445573 0.999624133
5.662075617 -0.239267752 -0.209832117 0.720596910 -0.002315752 0.025714660 0.012402644 0.999589682
5.695381944 -0.236844406 -0.212397963 0.726502836 -0.003051665 0.024461936 0.012519226 0.999617755
5.728688272 -0.236207977 -0.211552873 0.729660094 -0.001952366 0.024912639 0.012976305 0.999603510
5.761994599 -0.236637309 -0.216083854 0.736367822 -0.003723876 0.025339892 0.013225025 0.999584496
5.795300926 -0.237288237 -0.216866910 0.742434859 -0.003108564 0.026217530 0.013618792 0.999558687
5.828607253 -0.238529578 -0.218196958 0.745468557 -0.003560822 0.027851537 0.014258371 0.999504030
5.861913580 -0.240231335 -0.220485970 0.750849724 -0.003912006 0.029571358 0.014297008 0.999452770
5.895219907 -0.240675509 -0.221903324 0.756775737 -0.003959166 0.030213293 0.014826554 0.999425650
5.928526235 -0.241411671 -0.223430067 0.761382580 -0.004035186 0.031302016 0.015171232 0.999386668
5.961832562 -0.243896157 -0.225395396 0.768433690 -0.004101561 0.032949701 0.015668845 0.999325752
5.995138889 -0.242955253 -0.225643694 0.772618890 -0.003526238 0.033136874 0.016121717 0.999314606
6.028445216 -0.245654941 -0.228301227 0.778990924 -0.003798453 0.035111401 0.015803736 0.999251246
6.061751543 -0.246623188 -0.229109392 0.784529269 -0.003652255 0.036178399 0.016826464 0.999197006
6.095057870 -0.248232588 -0.231231645 0.789939702 -0.003857627 0.037767239 0.017080950 0.999133110
6.128364198 -0.250670552 -0.233282894 0.797164559 -0.004082876 0.039378256 0.017591570 0.999061167
6.161670525 -0.251849055 -0.234587759 0.803738952 -0.003537336 0.040529836 0.017702470 0.999015272
6.194976852 -0.254380882 -0.236831427 0.809448242 -0.004125930 0.042480696 0.018348200 0.998920262
6.228283179 -0.254300207 -0.237436399 0.814341784 -0.003512587 0.043263670 0.018649921 0.998883426
6.261589506 -0.253884077 -0.238574356 0.819965661 -0.003532463 0.043521315 0.019718159 0.998851657
6.294895833 -0.253567636 -0.239468366 0.825895786 -0.003196114 0.043811664 0.020935452 0.998815298
6.328202160 -0.253247350 -0.240663350 0.831862688 -0.003359764 0.044124052 0.022022340 0.998777688
6.361508488 -0.252075016 -0.240098253 0.836832762 -0.002105084 0.043922428 0.022601200 0.998777092
6.394814815 -0.251997113 -0.241086826 0.842439055 -0.002159165 0.044458114 0.023865562 0.998723805
6.428121142 -0.251810044 -0.242083997 0.847957194 -0.001976534 0.045037996 0.024625458 0.998679817
6.461427469 -0.251106083 -0.243027568 0.854065061 -0.001650329 0.045230094 0.025244568 0.998656213
6.494733796 -0.251259774 -0.243372962 0.856761813 -0.000931838 0.046985399 0.024386814 0.998597443
6.528040123 -0.251934975 -0.245419309 0.862649143 -0.000249683 0.048897162 0.021720005 0.998567641
6.561346451 -0.251547933 -0.246469349 0.868192732 -0.000057321 0.049547866 0.022364624 0.998521328
6.594652778 -0.251495302 -0.247655302 0.874228716 -0.000391496 0.049932320 0.024310376 0.998456597
6.627959105 -0.251255989 -0.248733312 0.880870283 0.000376827 0.050736882 0.023979450 0.998424053
6.661265432 -0.250780046 -0.249512911 0.885605216 0.000975453 0.051856451 0.023946507 0.998366952
6.694571759 -0.251164675 -0.251377493 0.891887605 0.000397102 0.052685343 0.026016798 0.998272121
6.727878086 -0.251106232 -0.252420098 0.898149550 0.001099057 0.053954519 0.025651703 0.998213232
6.761184414 -0.250914425 -0.253602594 0.904487133 0.001336332 0.054818876 0.026624599 0.998140395
6.794490741 -0.250851840 -0.254988521 0.911609769 0.001216172 0.055406969 0.028455025 0.998057604
6.827797068 -0.250853539 -0.256137371 0.918013692 0.001438083 0.056441743 0.029400870 0.997971892
6.861103395 -0.250711173 -0.257490039 0.925524294 0.002366376 0.057564739 0.028566623 0.997930169
6.894409722 -0.250545263 -0.258276433 0.928507030 0.001842355 0.058892485 0.030819878 0.997786760
6.927716049 -0.250600219 -0.259584546 0.936020553 0.002606539 0.059981052 0.030497478 0.997730136
6.961022377 -0.250641525 -0.260679394 0.941569030 0.002775334 0.060963575 0.031494237 0.997639179
6.994328704 -0.250703394 -0.262555093 0.951350093 0.002982725 0.061074380 0.033005539 0.997582912
7.027635031 -0.250724018 -0.263531864 0.956521749 0.003781187 0.062743746 0.031871744 0.997513473
7.060941358 -0.250817984 -0.264730871 0.962722719 0.005077566 0.064192958 0.030641008 0.997454107
7.094247685 -0.250909299 -0.266790509 0.972875893 0.005095582 0.064014345 0.032124568 0.997418761
7.127554012 -0.251035124 -0.268035859 0.979200304 0.005208683 0.064989701 0.033385772 0.997313738
7.160860340 -0.251214653 -0.269854277 0.988487482 0.005818877 0.065436661 0.033658493 0.997271955
7.194166667 -0.251362681 -0.271067441 0.994214416 0.005856821 0.066629604 0.034884993 0.997150540
7.227472994 -0.251494825 -0.272142828 1.000035882 0.007319734 0.068530068 0.033357803 0.997064352
7.260779321 -0.252644271 -0.274193913 1.006466627 0.006291148 0.069362774 0.036088604 0.996918738
7.294085648 -0.252971709 -0.275622874 1.013371468 0.006395425 0.070085011 0.037125394 0.996829450
7.327391975 -0.253299326 -0.276776344 1.019335628 0.007053127 0.071588032 0.037252631 0.996713459
7.360698302 -0.253570646 -0.278432161 1.026917219 0.007354033 0.072324790 0.037959784 0.996631384
7.394004630 -0.253857493 -0.279262185 1.031076074 0.007319488 0.073842555 0.039413344 0.996463895
7.427310957 -0.254174501 -0.281203091 1.040929675 0.008531309 0.074303053 0.039049283 0.996434391
7.460617284 -0.254489213 -0.282948911 1.048367620 0.007244248 0.074078925 0.043279130 0.996286511
7.493923611 -0.253780186 -0.284020603 1.055404067 0.008136903 0.074420445 0.043597557 0.996240258
7.527229938 -0.254108161 -0.285357893 1.061359048 0.007493401 0.074892387 0.046118122 0.996096432
7.560536265 -0.254402876 -0.286596388 1.066992521 0.007718306 0.076120295 0.047010791 0.995959938
7.593842593 -0.254802078 -0.287962824 1.073549986 0.007898839 0.076976657 0.048215933 0.995835066
7.627148920 -0.255255580 -0.289334714 1.079895139 0.007888518 0.078264661 0.050060403 0.995643735
7.660455247 -0.255771607 -0.290900290 1.087075233 0.008185681 0.079263583 0.051121708 0.995508373
7.693761574 -0.256009370 -0.292362869 1.095264554 0.008812742 0.080230027 0.052017026 0.995379210
7.727067901 -0.256596208 -0.294990927 1.107083321 0.008990755 0.079648048 0.052865889 0.995379627
7.760374228 -0.257933557 -0.296496749 1.112855673 0.009081367 0.081736550 0.054129582 0.995141566
7.793680556 -0.258757353 -0.297548056 1.118780732 0.010636157 0.084194243 0.052815393 0.994991839
7.826986883 -0.258785725 -0.298201442 1.125008345 0.011813555 0.085020550 0.053666506 0.994862735
7.860293210 -0.259223729 -0.298977256 1.129585028 0.011459353 0.086352959 0.056286871 0.994607270
7.893599537 -0.259875298 -0.299479723 1.132449985 0.011552555 0.089028612 0.057271730 0.994314075
11.523989198 -0.019353196 -0.016428908 0.056893207 0.000749368 0.017052719 0.000883457 0.999853969
11.557295525 -0.020049434 -0.017206972 0.059510425 0.000914981 0.018108396 0.001517040 0.999834478
11.590601852 -0.019298466 -0.019381126 0.060857024 0.000079496 0.018761514 0.002057770 0.999821901
11.623908179 -0.020093998 -0.020430909 0.064283565 0.000143375 0.019890921 0.002323823 0.999799430
11.657214506 -0.021512048 -0.020994319 0.067803361 0.000424013 0.021263657 0.002699551 0.999770164
11.690520833 -0.022475732 -0.022425609 0.071818642 0.000205946 0.022389840 0.002952541 0.999744952
11.723827160 -0.023956418 -0.023539724 0.076019570 0.000224600 0.023716325 0.003187736 0.999713659
11.757133488 -0.024891013 -0.024711711 0.078909293 0.000161165 0.024914607 0.003288360 0.999684155
11.790439815 -0.025793495 -0.025188426 0.082888372 0.000334370 0.025826817 0.004177181 0.999657631
11.823746142 -0.026924673 -0.026351143 0.086561434 0.000264036 0.027017381 0.004644933 0.999624193
11.857052469 -0.027696356 -0.028501445 0.090172522 -0.000126362 0.028061330 0.003970411 0.999598324
11.890358796 -0.029312912 -0.028366519 0.094447754 0.000408716 0.029252307 0.004738865 0.999560773
11.923665123 -0.030339262 -0.028806405 0.097449802 0.000703964 0.030637868 0.005559722 0.999514878
11.956971451 -0.032169685 -0.030227734 0.101855852 0.000544584 0.032251157 0.005555017 0.999464214
11.990277778 -0.033565968 -0.031364094 0.105602130 0.000445223 0.033984426 0.005920729 0.999404728
12.023584105 -0.035037063 -0.032493014 0.109591000 0.000422914 0.035564292 0.006341211 0.999347210
12.056890432 -0.036392596 -0.033594064 0.112974554 0.000330533 0.037416115 0.006489371 0.999278665
12.090196759 -0.037848946 -0.034861993 0.117323235 0.000115865 0.039099656 0.006979058 0.999210954
12.123503086 -0.038944840 -0.035685502 0.120992355 0.000286723 0.040869161 0.007410811 0.999136984
12.156809414 -0.037238821 -0.035989989 0.123439223 0.000413053 0.040976226 0.008382409 0.999124885
12.190115741 -0.036917403 -0.037342247 0.126235738 0.000145792 0.041933890 0.008531252 0.999083996
12.223422068 -0.040758055 -0.039056543 0.131772578 -0.000005816 0.044860963 0.008342954 0.998958409
12.256728395 -0.041849632 -0.040073197 0.135014981 0.000060887 0.046452854 0.008659224 0.998882949
12.290034722 -0.040643074 -0.041150227 0.137902662 -0.000007381 0.046779905 0.008736278 0.998867035
12.323341049 -0.041279010 -0.042118981 0.141470954 -0.000041626 0.048065223 0.009429839 0.998799682
12.356647377 -0.041341558 -0.043130096 0.144597784 -0.000146506 0.048955899 0.009819191 0.998752654
12.389953704 -0.041308537 -0.043861758 0.147062570 0.000149796 0.050165292 0.010272758 0.998688102
12.423260031 -0.043909658 -0.045423184 0.152139336 -0.000117350 0.052336421 0.010638325 0.998572886
12.456566358 -0.043791514 -0.046945501 0.154765517 -0.000359807 0.053314347 0.010330706 0.998524249
12.489872685 -0.044485979 -0.047700059 0.159008890 -0.000209096 0.054697808 0.011140561 0.998440802
12.523179012 -0.046075113 -0.049571637 0.162797585 -0.000376814 0.056512035 0.010207636 0.998349667
12.556485340 -0.046228886 -0.051481817 0.165955067 -0.001006868 0.057686258 0.010650119 0.998277426
12.589791667 -0.046582919 -0.051942289 0.168791741 -0.000681559 0.059082489 0.011188160 0.998190165
12.623097994 -0.047975972 -0.053659134 0.172821984 -0.001062211 0.060821854 0.011695115 0.998079538
12.656404321 -0.047513891 -0.056292553 0.175830662 -0.001597740 0.061760787 0.010624097 0.998033166
12.689710648 -0.048033848 -0.056849927 0.179249913 -0.001417761 0.063310996 0.011476803 0.997926831
12.723016975 -0.048962358 -0.058334336 0.183000416 -0.001424137 0.065021291 0.011187065 0.997820139
12.756323302 -0.049799711 -0.058860708 0.186465010 -0.001179421 0.066737950 0.011787749 0.997700214
12.789629630 -0.049713816 -0.060671043 0.189503968 -0.001576639 0.068148389 0.012227152 0.997599006
12.822935957 -0.050252270 -0.062158711 0.193537772 -0.001586983 0.069672324 0.012087244 0.997495472
12.856242284 -0.050827160 -0.062126476 0.196337491 -0.001186747 0.071421124 0.012981367 0.997361064
12.889548611 -0.051969759 -0.064103089 0.201112896 -0.001468716 0.073184952 0.013159662 0.997230470
12.922854938 -0.052665967 -0.064972386 0.204021692 -0.001287737 0.075105362 0.013571829 0.997082412
12.956161265 -0.051841795 -0.066459797 0.206946999 -0.001525607 0.076237604 0.013732704 0.996993959
12.989467593 -0.051968828 -0.067010507 0.211018994 -0.001077435 0.077607498 0.014402992 0.996879399
13.022773920 -0.053725317 -0.068519421 0.214912891 -0.000964231 0.080186896 0.014251979 0.996677518
13.056080247 -0.054271501 -0.069969572 0.218979731 -0.000962896 0.082037218 0.014768085 0.996519387
13.089386574 -0.054897726 -0.070768587 0.222329363 -0.000453843 0.084015816 0.014901173 0.996352911
13.122692901 -0.056703158 -0.071994506 0.227143735 -0.000389085 0.086247638 0.015547194 0.996152341
13.155999228 -0.058510095 -0.072363436 0.230965421 0.000320639 0.088683061 0.015507136 0.995939136
13.189305556 -0.057753578 -0.074390143 0.235196918 0.000050100 0.089846030 0.015891291 0.995828867
13.222611883 -0.058558702 -0.075653948 0.239509180 0.000364303 0.091773339 0.016120145 0.995649338
13.255918210 -0.059383933 -0.076903880 0.243834421 0.000514661 0.093770303 0.016928179 0.995449841
13.289224537 -0.060248230 -0.076832950 0.246895656 0.001131435 0.095999315 0.017983362 0.995218277
13.322530864 -0.060847454 -0.078479081 0.252232552 0.001212747 0.097767875 0.018443147 0.995037615
13.355837191 -0.061584834 -0.079008959 0.256406546 0.001759655 0.099820435 0.019212745 0.994818449
13.389143519 -0.062712349 -0.081925273 0.262278587 0.001349300 0.102034815 0.019111717 0.994596303
13.422449846 -0.063745700 -0.083833516 0.265875041 0.001368617 0.104325905 0.019397737 0.994353056
13.455756173 -0.063249238 -0.084476389 0.270631611 0.001639891 0.105740555 0.020922834 0.994172275
13.489062500 -0.064294994 -0.085348397 0.275372088 0.002381953 0.108150721 0.021057660 0.993908584
13.522368827 -0.064493597 -0.088178851 0.280724883 0.002027335 0.110057600 0.021099579 0.993699193
13.555675154 -0.066305339 -0.089398965 0.286594748 0.002516472 0.112669550 0.021826228 0.993389606
13.588981481 -0.066837512 -0.090361618 0.292603731 0.002764747 0.114371665 0.023412878 0.993158281
13.622287809 -0.068188466 -0.092610061 0.300322026 0.002806050 0.116769068 0.024073999 0.992863297
13.655594136 -0.069079444 -0.094193764 0.305047989 0.003045111 0.118963234 0.024723500 0.992586136
13.688900463 -0.069654271 -0.096914083 0.312068641 0.002882783 0.121160686 0.024952464 0.992315054
13.722206790 -0.069926962 -0.097562402 0.315435439 0.003364749 0.123062603 0.026760422 0.992032349
13.755513117 -0.070434570 -0.098787531 0.322275430 0.003712817 0.125116557 0.028197775 0.991734326
13.788819444 -0.071533255 -0.100360088 0.327181548 0.003821968 0.127525270 0.029018348 0.991403341
13.822125772 -0.071352147 -0.100709893 0.332810402 0.004472209 0.129095301 0.031007864 0.991137207
13.855432099 -0.071045063 -0.102539599 0.338639587 0.004746229 0.130835950 0.031662058 0.990886986
13.888738426 -0.070988886 -0.104850575 0.345593661 0.004588564 0.132847622 0.032370303 0.990597129
13.922044753 -0.073957883 -0.107452832 0.355005950 0.004652848 0.136069179 0.032943506 0.990140557
13.955351080 -0.073869817 -0.108787231 0.358357310 0.005129123 0.138117179 0.033245400 0.989844501
13.988657407 -0.074354254 -0.111507758 0.365462214 0.005041539 0.140357375 0.033453576 0.989522755
14.021963735 -0.073384881 -0.112628758 0.369384646 0.005467481 0.142099187 0.034732003 0.989227772
14.055270062 -0.074717112 -0.114636116 0.377072990 0.005623497 0.144802630 0.035402622 0.988811076
14.088576389 -0.075511619 -0.116020992 0.384462595 0.005909993 0.147177249 0.037459858 0.988382876
14.121882716 -0.076098457 -0.118420899 0.390081316 0.006020190 0.149701700 0.037888851 0.987986684
14.155189043 -0.076676123 -0.119730569 0.399449885 0.006400550 0.152221248 0.039378878 0.987540901
14.188495370 -0.076830447 -0.122561835 0.403246284 0.006339534 0.154741690 0.039191086 0.987156987
14.221801698 -0.079218619 -0.124756232 0.427314639 0.006688579 0.158443794 0.041402359 0.986476958
14.255108025 -0.078956440 -0.127694383 0.436463535 0.006577472 0.160870269 0.042577244 0.986034811
14.288414352 -0.079725511 -0.128353119 0.440578580 0.007097973 0.163447946 0.043551426 0.985564649
14.321720679 -0.079663187 -0.132326111 0.451837540 0.006884029 0.166033983 0.043791328 0.985123217
18.784768519 -0.031240104 -0.026749132 0.086134277 -0.000328078 0.010706072 -0.000801949 0.999942303
18.818074846 -0.031603221 -0.027756628 0.089202799 -0.000226032 0.009817165 -0.000732643 0.999951541
18.851381173 -0.032525744 -0.028557144 0.091395244 -0.000164500 0.009457042 -0.000927397 0.999954879
18.884687500 -0.031367641 -0.028808091 0.095709108 0.000230972 0.007762627 -0.000144695 0.999969840
18.917993827 -0.032352608 -0.029588124 0.098530501 0.000345890 0.007402501 -0.000255887 0.999972522
18.951300154 -0.033104647 -0.030219095 0.101106830 0.000405468 0.007052163 -0.000334283 0.999975026
18.984606481 -0.033750344 -0.031039009 0.103563420 0.000368827 0.006632070 -0.000531776 0.999977827
19.017912809 -0.034602303 -0.031728689 0.105947860 0.000365404 0.006362554 -0.000775640 0.999979436
19.051219136 -0.035116512 -0.032213844 0.108407855 0.000435392 0.005902498 -0.000731596 0.999982238
19.084525463 -0.036109548 -0.033102930 0.110995658 0.000348436 0.005695253 -0.000868496 0.999983370
19.117831790 -0.036688197 -0.033776201 0.113637701 0.000298617 0.005188840 -0.000911895 0.999986112
19.151138117 -0.037575319 -0.034552149 0.115843989 0.000207604 0.004992119 -0.001166236 0.999986827
19.184444444 -0.038396765 -0.035250381 0.118562989 0.000271893 0.004640989 -0.001036682 0.999988675
19.217750772 -0.039075758 -0.035977270 0.120688044 0.000101087 0.004316507 -0.001241191 0.999989927
19.251057099 -0.039879613 -0.036693644 0.123288974 0.000107434 0.003964668 -0.001341907 0.999991238
19.284363426 -0.041111793 -0.037479989 0.126064226 0.000136282 0.003952078 -0.001478328 0.999991119
19.317669753 -0.041736983 -0.038053017 0.128530547 0.000178380 0.003510482 -0.001483501 0.999992728
19.350976080 -0.043383006 -0.039038975 0.131879941 0.000221337 0.003703253 -0.001698085 0.999991715
19.384282407 -0.044031020 -0.039726175 0.134226382 0.000158983 0.003296727 -0.001814603 0.999992907
19.417588735 -0.045149289 -0.040450986 0.137525737 0.000230669 0.003150989 -0.001706792 0.999993563
19.450895062 -0.045823291 -0.041376360 0.140251964 0.000040463 0.002724794 -0.001760967 0.999994755
19.484201389 -0.046852473 -0.042092320 0.142659456 0.000036048 0.002587813 -0.001888911 0.999994874
19.517507716 -0.047750887 -0.042737979 0.145438626 0.000198432 0.002372242 -0.002105515 0.999994993
19.550814043 -0.048390407 -0.043416627 0.148376852 0.000195483 0.001931675 -0.001941510 0.999996245
19.584120370 -0.049087688 -0.043985236 0.150920182 0.000272113 0.001597025 -0.002015230 0.999996662
19.617426698 -0.050325815 -0.044928875 0.153555378 0.000190185 0.001736710 -0.002192108 0.999996066
19.650733025 -0.051087912 -0.045935921 0.156176642 0.000063090 0.001456700 -0.002432917 0.999996006
19.684039352 -0.052117806 -0.046487987 0.159213841 0.000234264 0.001163366 -0.002311930 0.999996603
19.717345679 -0.053010188 -0.047256317 0.162040398 0.000204413 0.000893563 -0.002351661 0.999996841
19.750652006 -0.054048453 -0.048090249 0.165003762 0.000204642 0.000768469 -0.002268421 0.999997139
19.783958333 -0.054652698 -0.048708078 0.167957053 0.000358202 0.000397793 -0.002409516 0.999996960
19.817264660 -0.055710711 -0.049515352 0.170841902 0.000359728 0.000315379 -0.002368569 0.999997079
19.850570988 -0.056714356 -0.050484765 0.173550665 0.000167910 0.000103543 -0.002237909 0.999997497
19.883877315 -0.057769004 -0.051085863 0.176331297 0.000320523 0.000103095 -0.002384263 0.999997139
19.917183642 -0.058768399 -0.051703691 0.179507792 0.000514788 -0.000181408 -0.002179871 0.999997497
19.950489969 -0.059889942 -0.052653309 0.182055801 0.000347858 -0.000195621 -0.002347010 0.999997199
19.983796296 -0.060958382 -0.053312629 0.184869766 0.000670361 -0.000301139 -0.002377289 0.999996901
20.017102623 -0.062009048 -0.054029640 0.187075868 0.000536425 -0.000421178 -0.002138696 0.999997497
20.050408951 -0.062791750 -0.055312503 0.190726399 0.000199303 -0.000925175 -0.002339219 0.999996841
20.083715278 -0.063884199 -0.055807158 0.192927390 0.000462527 -0.000888885 -0.002377178 0.999996722
20.117021605 -0.064849921 -0.056365877 0.195838079 0.000534224 -0.001172785 -0.002429007 0.999996245
20.150327932 -0.066048175 -0.057316687 0.198280573 0.000463357 -0.001137750 -0.002446064 0.999996245
20.183634259 -0.066865988 -0.057992350 0.201002479 0.000402467 -0.001461535 -0.002501277 0.999995708
20.216940586 -0.067531884 -0.058553606 0.203656897 0.000474024 -0.001857900 -0.002365990 0.999995351
20.250246914 -0.068515949 -0.059427250 0.206460059 0.000377754 -0.002058218 -0.002454927 0.999994814
20.283553241 -0.069584191 -0.059960492 0.208850414 0.000471135 -0.002034687 -0.002430139 0.999994874
20.316859568 -0.070432037 -0.060718697 0.211767673 0.000473671 -0.002318627 -0.002476465 0.999994159
20.350165895 -0.071548790 -0.061524179 0.214587495 0.000512057 -0.002363700 -0.002556668 0.999993801
20.383472222 -0.072485633 -0.062294528 0.217062563 0.000448293 -0.002440122 -0.002622017 0.999993503
20.416778549 -0.073447838 -0.062946007 0.220026284 0.000543143 -0.002572461 -0.002528309 0.999993384
20.450084877 -0.074296072 -0.063570336 0.222460449 0.000600603 -0.002708919 -0.002541298 0.999992967
20.483391204 -0.075375848 -0.064432807 0.224617377 0.000494109 -0.002602361 -0.002594061 0.999993145
20.516697531 -0.076210298 -0.065061547 0.227515727 0.000505615 -0.002859200 -0.002465832 0.999992788
20.550003858 -0.077149928 -0.065643393 0.229718536 0.000663960 -0.002828838 -0.002642637 0.999992311
20.583310185 -0.078413084 -0.066050306 0.231981173 0.000831012 -0.002721060 -0.002640081 0.999992490
20.616616512 -0.078941241 -0.067180268 0.234659255 0.000436449 -0.003110295 -0.002664123 0.999991536
20.649922840 -0.080032103 -0.067822076 0.236417338 0.000554864 -0.002855274 -0.002877014 0.999991655
20.683229167 -0.080929302 -0.068422943 0.238915607 0.000507760 -0.002910198 -0.002847348 0.999991596
20.716535494 -0.081708647 -0.069112137 0.241615146 0.000615061 -0.003050423 -0.002957301 0.999990821
20.749841821 -0.082575917 -0.070101485 0.243856281 0.000326926 -0.003095368 -0.002991385 0.999990702
20.783148148 -0.083372600 -0.070738904 0.246889710 0.000416501 -0.003345744 -0.002789129 0.999990463
20.816454475 -0.084283397 -0.071269400 0.249305859 0.000578515 -0.003401117 -0.003104720 0.999989271
20.849760802 -0.085088328 -0.072170846 0.251485199 0.000423732 -0.003445370 -0.003116775 0.999989152
20.883067130 -0.086010188 -0.072677635 0.254428446 0.000761823 -0.003570490 -0.003242806 0.999988079
20.916373457 -0.087122060 -0.073648117 0.257175326 0.000517921 -0.003575506 -0.003219769 0.999988317
20.949679784 -0.087968141 -0.074252278 0.259457856 0.000566641 -0.003708709 -0.003387321 0.999987245
20.982986111 -0.088895597 -0.074984320 0.262134999 0.000692117 -0.003770814 -0.003526258 0.999986410
21.016292438 -0.089865364 -0.075757615 0.264842957 0.000686408 -0.003893993 -0.003613396 0.999985695
21.049598765 -0.090971097 -0.076730520 0.267076641 0.000450550 -0.003836457 -0.003460570 0.999986589
21.082905093 -0.091915295 -0.077216372 0.270292610 0.000770025 -0.004087454 -0.003657583 0.999984682
21.116211420 -0.093057126 -0.077890486 0.273073912 0.000817988 -0.004194817 -0.003534082 0.999984622
21.149517747 -0.094034381 -0.078668207 0.275468171 0.000828485 -0.004266665 -0.003689041 0.999983788
21.182824074 -0.095056646 -0.079504341 0.278208077 0.000786127 -0.004431927 -0.003684404 0.999983072
21.216130401 -0.095935479 -0.080402054 0.281271160 0.000734957 -0.004779032 -0.003752791 0.999981284
21.249436728 -0.097104050 -0.080944136 0.283789426 0.000840496 -0.004836828 -0.003610642 0.999981403
21.282743056 -0.098089837 -0.081894591 0.286531389 0.000746104 -0.005105481 -0.003756362 0.999979675
21.316049383 -0.099401094 -0.082558624 0.289360702 0.000856181 -0.005156991 -0.003721429 0.999979436
21.349355710 -0.100423723 -0.083491795 0.292676687 0.000790834 -0.005599204 -0.003598094 0.999977529
21.382662037 -0.101654619 -0.084192500 0.295547485 0.000899905 -0.005894608 -0.003634052 0.999975622
21.415968364 -0.102878071 -0.084966399 0.298381925 0.000857865 -0.006199409 -0.003744905 0.999973416
21.449274691 -0.104154021 -0.085950509 0.301046371 0.000644760 -0.006479861 -0.003668122 0.999972105
21.482581019 -0.105361663 -0.086754940 0.304341227 0.000733097 -0.006971086 -0.003802619 0.999968231
21.515887346 -0.106446758 -0.087802492 0.307309985 0.000582434 -0.007451589 -0.003969503 0.999964178
21.549193673 -0.107898548 -0.088387921 0.310213566 0.000791996 -0.007634402 -0.003938498 0.999962807
21.582500000 -0.109033138 -0.089426026 0.313394815 0.000584379 -0.007982402 -0.003888396 0.999960423
21.615806327 -0.110087998 -0.090158209 0.316055268 0.000518250 -0.008341330 -0.003850493 0.999957681
21.649112654 -0.111364812 -0.090901062 0.319000989 0.000641586 -0.008460576 -0.003786831 0.999956846
21.682418981 -0.112457410 -0.091662534 0.321860313 0.000591466 -0.008649161 -0.003812334 0.999955177
21.715725309 -0.113810726 -0.092571452 0.324597001 0.000479212 -0.008638720 -0.003829970 0.999955237
21.749031636 -0.114912033 -0.093378238 0.327422023 0.000502393 -0.008785486 -0.003939969 0.999953508
21.782337963 -0.116316229 -0.093960173 0.330330282 0.000643694 -0.008707054 -0.004005919 0.999953866
21.815644290 -0.117419854 -0.094871268 0.333033264 0.000457304 -0.008893060 -0.003864624 0.999952912
21.848950617 -0.118591331 -0.095470920 0.336243212 0.000712492 -0.009089382 -0.004012174 0.999950409
21.882256944 -0.119520381 -0.096244358 0.338687122 0.000564200 -0.009379859 -0.003882595 0.999948323
21.915563272 -0.120766424 -0.097026333 0.341478854 0.000604899 -0.009374954 -0.004010489 0.999947846
21.948869599 -0.121921808 -0.097765543 0.344226897 0.000728625 -0.009474672 -0.003870848 0.999947369
21.982175926 -0.123175032 -0.098446459 0.346894115 0.000641469 -0.009608466 -0.004104717 0.999945223
22.015482253 -0.124018900 -0.099429585 0.349509329 0.000336756 -0.009867427 -0.004090651 0.999942899
22.048788580 -0.125216976 -0.100087106 0.352412075 0.000547288 -0.009920532 -0.004247184 0.999941647
22.082094907 -0.126173109 -0.101189531 0.354862005 0.000094969 -0.010100082 -0.004259079 0.999939978
22.115401235 -0.127277121 -0.101720400 0.357780278 0.000376599 -0.010155852 -0.004403533 0.999938667
22.148707562 -0.128331199 -0.102378480 0.360817432 0.000523699 -0.010411821 -0.004289907 0.999936461
22.182013889 -0.129530057 -0.103293940 0.363274485 0.000352690 -0.010355095 -0.004293035 0.999937117
22.215320216 -0.130843535 -0.104079619 0.366080910 0.000306260 -0.010216909 -0.004187466 0.999939024
22.248626543 -0.131920636 -0.104714841 0.368956238 0.000427035 -0.010232558 -0.004374154 0.999938011
22.281932870 -0.132837653 -0.105494127 0.371613681 0.000469002 -0.010320774 -0.004550422 0.999936283
22.315239198 -0.134214297 -0.106205091 0.374163628 0.000452760 -0.010101884 -0.004504906 0.999938726
22.348545525 -0.135486290 -0.107074410 0.377193868 0.000437230 -0.010047152 -0.004489152 0.999939382
22.381851852 -0.136603430 -0.108042933 0.379832983 0.000164000 -0.010177689 -0.004365855 0.999938667
22.415158179 -0.137979567 -0.108793586 0.382392883 0.000175890 -0.010008542 -0.004359758 0.999940395
22.448464506 -0.138993278 -0.109479487 0.385080218 0.000407818 -0.010070681 -0.004299818 0.999939978
22.481770833 -0.140159443 -0.110372066 0.388015121 0.000219695 -0.010191973 -0.004181836 0.999939322
22.515077160 -0.141087621 -0.111159310 0.390799344 0.000245655 -0.010378174 -0.004247970 0.999937117
22.548383488 -0.142383963 -0.111800328 0.393521160 0.000432555 -0.010225739 -0.004284880 0.999938488
22.581689815 -0.143416047 -0.112671360 0.395822108 0.000245844 -0.010199469 -0.004078665 0.999939680
22.614996142 -0.144145250 -0.113226436 0.398995608 0.000400054 -0.010697999 -0.004012596 0.999934673
22.648302469 -0.145324007 -0.113924399 0.401349783 0.000272458 -0.010521538 -0.003967015 0.999936759
22.681608796 -0.146384388 -0.114986710 0.404284745 -0.000062901 -0.010794160 -0.003756779 0.999934673
22.714915123 -0.147573099 -0.115691386 0.406980127 -0.000139186 -0.010778959 -0.003712910 0.999935031
22.748221451 -0.148676455 -0.116254099 0.409548879 -0.000012094 -0.010818212 -0.003590905 0.999935091
22.781527778 -0.149710596 -0.116985179 0.411861926 -0.000036241 -0.010784362 -0.003551709 0.999935567
22.814834105 -0.151160255 -0.117896535 0.414237946 -0.000179114 -0.010369778 -0.003649757 0.999939561
22.848140432 -0.152365550 -0.118247218 0.417165607 0.000118678 -0.010458770 -0.003640777 0.999938667
22.881446759 -0.153364718 -0.119381219 0.419430912 -0.000117748 -0.010396627 -0.003525279 0.999939740
22.914753086 -0.154571503 -0.120079935 0.422144353 -0.000035270 -0.010334006 -0.003502418 0.999940455
22.948059414 -0.155588910 -0.120825991 0.424553484 -0.000130211 -0.010268340 -0.003384100 0.999941587
22.981365741 -0.156666115 -0.121411346 0.427208304 0.000065646 -0.010166562 -0.003252938 0.999943018
23.014672068 -0.157569498 -0.122389905 0.429997116 -0.000252814 -0.010364886 -0.003004690 0.999941766
23.047978395 -0.158542916 -0.123049870 0.432525754 -0.000136216 -0.010158938 -0.003048955 0.999943793
23.081284722 -0.159574896 -0.123752303 0.435229659 -0.000100978 -0.010056425 -0.002872871 0.999945283
23.114591049 -0.160735041 -0.124462895 0.437577814 -0.000087080 -0.009676570 -0.002816460 0.999949217
23.147897377 -0.161645263 -0.124999747 0.439973116 -0.000000308 -0.009421551 -0.002481521 0.999952555
23.181203704 -0.162469417 -0.125940561 0.442427844 -0.000296643 -0.009186667 -0.002295374 0.999955118
23.214510031 -0.163642898 -0.126531497 0.444368541 -0.000251075 -0.008540764 -0.002137080 0.999961197
23.247816358 -0.164432898 -0.127174482 0.446596712 -0.000268551 -0.008321593 -0.002287062 0.999962747
23.281122685 -0.165410683 -0.127993315 0.449401051 -0.000271076 -0.008040018 -0.001877042 0.999965906
23.314429012 -0.166343287 -0.128772140 0.451871306 -0.000415472 -0.007767144 -0.001668550 0.999968350
23.347735340 -0.167232186 -0.129265577 0.453703880 -0.000289327 -0.007313101 -0.001912229 0.999971390
23.381041667 -0.168372050 -0.129978538 0.455902487 -0.000271815 -0.006664913 -0.001940910 0.999975920
23.414347994 -0.169144332 -0.130713239 0.458738118 -0.000287599 -0.006634033 -0.001503039 0.999976873
23.447654321 -0.170197263 -0.131370246 0.460804999 -0.000288089 -0.006101180 -0.001271111 0.999980569
23.480960648 -0.170973629 -0.132009327 0.463311046 -0.000165412 -0.005926334 -0.001293477 0.999981582
23.514266975 -0.171861425 -0.132708266 0.465637743 -0.000216047 -0.005688990 -0.001075509 0.999983251
23.547573302 -0.172787458 -0.133633777 0.468215436 -0.000379945 -0.005430200 -0.000697928 0.999984920
23.580879630 -0.173865885 -0.134237140 0.470282048 -0.000410900 -0.004903765 -0.000884831 0.999987543
23.614185957 -0.174950808 -0.134855971 0.472314656 -0.000297239 -0.004348550 -0.000926000 0.999990106
23.647492284 -0.175740063 -0.135566905 0.475552261 -0.000192328 -0.004400971 -0.000535143 0.999990165
23.680798611 -0.176686406 -0.136269897 0.477763653 -0.000268731 -0.003985119 -0.000220819 0.999992013
23.714104938 -0.177755997 -0.136989370 0.480033368 -0.000266610 -0.003489658 -0.000078840 0.999993920
23.747411265 -0.179016232 -0.137757823 0.482341826 -0.000286966 -0.002864885 -0.000293017 0.999995828
23.780717593 -0.179875761 -0.138386577 0.484670520 -0.000267710 -0.002624458 0.000085290 0.999996543
23.814023920 -0.180892184 -0.139054358 0.486945361 -0.000198384 -0.002097226 -0.000019012 0.999997795
23.847330247 -0.181747437 -0.139731497 0.489072561 -0.000316277 -0.001764151 0.000353936 0.999998331
23.880636574 -0.182770535 -0.140574262 0.491865724 -0.000480298 -0.001540940 0.000985667 0.999998212
23.913942901 -0.183807328 -0.141232193 0.493959516 -0.000387373 -0.000963481 0.000603040 0.999999285
23.947249228 -0.184745535 -0.141894788 0.496473640 -0.000402987 -0.000597106 0.000841768 0.999999404
23.980555556 -0.185694352 -0.142554656 0.498745531 -0.000426009 -0.000217641 0.001166884 0.999999225
24.013861883 -0.186775640 -0.143223718 0.501000583 -0.000432325 0.000340501 0.001379844 0.999998927
24.047168210 -0.187801123 -0.143865570 0.503144979 -0.000415084 0.000907504 0.001503801 0.999998391
24.080474537 -0.188988730 -0.144681484 0.505396008 -0.000619033 0.001521517 0.001517084 0.999997497
24.113780864 -0.189782292 -0.145329267 0.507935464 -0.000562684 0.001689146 0.002065080 0.999996305
24.147087191 -0.190662190 -0.146111608 0.510152996 -0.000675203 0.002153788 0.002316453 0.999994755
24.180393519 -0.191861764 -0.146730542 0.511930406 -0.000617790 0.003154411 0.001914980 0.999993026
24.213699846 -0.192771137 -0.147304669 0.514528096 -0.000469882 0.003607673 0.002213206 0.999990940
24.247006173 -0.193681091 -0.147952914 0.516707182 -0.000460496 0.004163199 0.002351249 0.999988496
24.280312500 -0.194427758 -0.148484334 0.519015431 -0.000430678 0.004550734 0.002855398 0.999985516
24.313618827 -0.195362732 -0.149181113 0.521604538 -0.000439341 0.005227994 0.003288584 0.999980807
24.346925154 -0.196110681 -0.149774328 0.523622632 -0.000363908 0.005724565 0.003369886 0.999977887
24.380231481 -0.197073996 -0.150433064 0.525615692 -0.000331133 0.006577982 0.003227022 0.999973118
24.413537809 -0.197862625 -0.151033044 0.527716696 -0.000358094 0.007192456 0.003653046 0.999967396
24.446844136 -0.198468328 -0.151711583 0.529874086 -0.000582821 0.007390441 0.004047955 0.999964356
24.480150463 -0.199575990 -0.152337179 0.531593680 -0.000536952 0.008341345 0.003861268 0.999957621
24.513456790 -0.200278774 -0.153142259 0.533973634 -0.000700640 0.008694232 0.004015581 0.999953926
24.546763117 -0.201108530 -0.153709412 0.536094427 -0.000561516 0.009220158 0.004056395 0.999949157
24.580069444 -0.202264324 -0.154311091 0.537683487 -0.000626011 0.010247063 0.004374352 0.999937713
24.613375772 -0.202840298 -0.155240223 0.539984107 -0.001000905 0.010369098 0.004602199 0.999935150
24.646682099 -0.203897670 -0.155677825 0.542475879 -0.000564872 0.011080678 0.004380616 0.999928892
24.679988426 -0.204690009 -0.156330198 0.544934154 -0.000531558 0.011454336 0.004297961 0.999925017
24.713294753 -0.205651090 -0.156985790 0.547333181 -0.000548784 0.011945020 0.004671096 0.999917626
24.746601080 -0.206742093 -0.157713369 0.549288809 -0.000569525 0.012781777 0.004959750 0.999905884
24.779907407 -0.207681835 -0.158258528 0.551314175 -0.000536163 0.013306270 0.004764547 0.999899983
24.813213735 -0.208578750 -0.158888802 0.553473711 -0.000491857 0.013814803 0.004817127 0.999892890
24.846520062 -0.209518045 -0.159710273 0.556005001 -0.000629450 0.014210695 0.005070133 0.999885976
24.879826389 -0.210507736 -0.160342112 0.558414221 -0.000541782 0.014791279 0.005344863 0.999876201
24.913132716 -0.211471796 -0.160987124 0.560362518 -0.000572354 0.015431379 0.005797471 0.999863982
24.946439043 -0.212090611 -0.161530957 0.562714100 -0.000426880 0.015677964 0.005470507 0.999862075
24.979745370 -0.213126957 -0.162260428 0.565098286 -0.000459270 0.016284691 0.005685469 0.999851167
25.013051698 -0.214006081 -0.162859648 0.566896439 -0.000442020 0.016893569 0.005706097 0.999840915
25.046358025 -0.215144247 -0.163581818 0.569403172 -0.000529357 0.017589366 0.006256649 0.999825597
25.079664352 -0.215783045 -0.164192989 0.571531892 -0.000519456 0.017784487 0.006336674 0.999821663
25.112970679 -0.216767147 -0.164966524 0.574274123 -0.000633228 0.018240966 0.006750233 0.999810636
25.146277006 -0.217654943 -0.165555000 0.576656282 -0.000458385 0.018701561 0.006824241 0.999801695
25.179583333 -0.218713835 -0.166327238 0.578662694 -0.000594434 0.019440765 0.006977535 0.999786496
25.212889660 -0.219883204 -0.167018861 0.581306517 -0.000518912 0.020285126 0.007319218 0.999767303
25.246195988 -0.220772833 -0.167709634 0.583560646 -0.000603805 0.020686708 0.007605893 0.999756873
25.279502315 -0.222016707 -0.168294474 0.585809290 -0.000406670 0.021653494 0.007592678 0.999736667
25.312808642 -0.223039463 -0.168987274 0.588152707 -0.000322372 0.022325158 0.007474561 0.999722779
25.346114969 -0.223947152 -0.169644684 0.590398967 -0.000352291 0.022840938 0.007896272 0.999707878
25.379421296 -0.224965274 -0.170297667 0.592650592 -0.000329429 0.023601254 0.008085998 0.999688685
25.412727623 -0.225942254 -0.170911863 0.595011830 -0.000152030 0.024317268 0.008378641 0.999669194
25.446033951 -0.226482928 -0.171502039 0.596995234 -0.000221903 0.024554428 0.008650335 0.999661088
25.479340278 -0.227534682 -0.172157913 0.599121451 -0.000193348 0.025509752 0.008966699 0.999634326
25.512646605 -0.228418231 -0.172779873 0.601346731 -0.000148651 0.026271304 0.009233849 0.999612212
25.545952932 -0.229250908 -0.173401237 0.603556037 -0.000101783 0.027007647 0.009552846 0.999589562
25.579259259 -0.230268180 -0.174134597 0.605956852 -0.000069908 0.027941601 0.009785442 0.999561667
25.612565586 -0.231179595 -0.174924776 0.608310342 -0.000355880 0.028651338 0.009896103 0.999540448
25.645871914 -0.231750757 -0.175241709 0.609748900 0.000045976 0.029387400 0.009777824 0.999520302
25.679178241 -0.232713059 -0.175847039 0.611990452 0.000148546 0.030371550 0.010008915 0.999488592
25.712484568 -0.233619392 -0.176482826 0.614260137 0.000180310 0.031183545 0.010247473 0.999461174
25.745790895 -0.234437838 -0.177120015 0.616313040 0.000196491 0.031941462 0.010476272 0.999434829
25.779097222 -0.235310867 -0.177756324 0.618583322 0.000225669 0.032778386 0.010767557 0.999404609
25.812403549 -0.236264780 -0.178356037 0.620648861 0.000291860 0.033814248 0.010614698 0.999371707
25.845709877 -0.236673847 -0.178894520 0.622392535 0.000224149 0.034074519 0.011158462 0.999356985
25.879016204 -0.237474188 -0.179581985 0.624485910 0.000167179 0.034770265 0.011561646 0.999328434
25.912322531 -0.238420293 -0.180111185 0.626717448 0.000326367 0.035767321 0.011788517 0.999290586
25.945628858 -0.239193618 -0.180702776 0.628780425 0.000357001 0.036591552 0.012028940 0.999257863
25.978935185 -0.240105540 -0.181237325 0.630476832 0.000432699 0.037732381 0.012062180 0.999215007
26.012241512 -0.240880147 -0.181863651 0.632489085 0.000436175 0.038661927 0.012276010 0.999176860
26.045547840 -0.241225481 -0.182332918 0.634346306 0.000473009 0.039029311 0.012381474 0.999161243
26.078854167 -0.242080942 -0.182877049 0.636131465 0.000505390 0.040088531 0.012696320 0.999115348
26.112160494 -0.242873162 -0.183504477 0.638356268 0.000630356 0.041105077 0.012752263 0.999073267
26.145466821 -0.243834376 -0.184069738 0.639606535 0.000450993 0.042579450 0.013190564 0.999005914
26.178773148 -0.244531959 -0.184568450 0.641143143 0.000652847 0.043805592 0.013288088 0.998951495
26.212079475 -0.245412812 -0.185097814 0.642638028 0.000529459 0.045162495 0.013633096 0.998886466
26.245385802 -0.245803326 -0.185715184 0.644828200 0.000518415 0.045706376 0.013693861 0.998860896
26.278692130 -0.246667981 -0.186191842 0.646511912 0.000618851 0.047125768 0.013899717 0.998792112
26.311998457 -0.247417316 -0.186674416 0.648461342 0.000842623 0.048489016 0.013838217 0.998727500
26.345304784 -0.248087719 -0.187251270 0.650321126 0.000765676 0.049625233 0.014200642 0.998666644
26.378611111 -0.248778567 -0.187734932 0.652076900 0.000909268 0.050993212 0.014230534 0.998597205
26.411917438 -0.249406993 -0.188318878 0.654029191 0.000904791 0.052153848 0.014625194 0.998531580
26.445223765 -0.250254214 -0.188802972 0.655480802 0.000942648 0.053752393 0.014449092 0.998449326
26.478530093 -0.250433326 -0.189236805 0.657566428 0.000965616 0.054054353 0.015417274 0.998418510
26.511836420 -0.251148582 -0.189806104 0.659388602 0.001006721 0.055407606 0.015409493 0.998344421
26.545142747 -0.251902550 -0.190326378 0.661292493 0.001132325 0.056836762 0.015419021 0.998263776
26.578449074 -0.252496958 -0.190897331 0.663187146 0.001079599 0.057826579 0.016047429 0.998197079
26.611755401 -0.253116548 -0.191403076 0.664975405 0.001051996 0.058950216 0.016431628 0.998125136
26.645061728 -0.253867328 -0.191995665 0.666766763 0.001066970 0.060279761 0.016560277 0.998043597
26.678368056 -0.254732370 -0.192447186 0.668181121 0.001141093 0.061871279 0.016985428 0.997938991
26.711674383 -0.255296975 -0.192961469 0.669926703 0.001130526 0.063064620 0.017350109 0.997857988
26.744980710 -0.255962044 -0.193447649 0.671414316 0.001173847 0.064571567 0.017400904 0.997760713
26.778287037 -0.256638378 -0.193917558 0.672814608 0.001151923 0.066110097 0.017530531 0.997657657
26.811593364 -0.257226050 -0.194476247 0.674300373 0.001051462 0.067412011 0.017960787 0.997563004
26.844899691 -0.257922500 -0.194837332 0.675879300 0.001215904 0.068863697 0.018110432 0.997460961
26.878206019 -0.258507371 -0.195422456 0.677754581 0.001245699 0.070237182 0.018306021 0.997361600
26.911512346 -0.259089619 -0.196014136 0.679921806 0.001162493 0.071481973 0.018854173 0.997263014
26.944818673 -0.259608924 -0.196492478 0.681625426 0.001300353 0.072772235 0.019118050 0.997164488
26.978125000 -0.260163963 -0.197108611 0.683145165 0.001109642 0.073993221 0.019292438 0.997071505
27.011431327 -0.260841757 -0.197592154 0.684469223 0.001145222 0.075488485 0.019411873 0.996957064
27.044737654 -0.261618048 -0.198096886 0.685561895 0.001181081 0.077152044 0.019273542 0.996832371
27.078043981 -0.262053758 -0.198638275 0.687271833 0.001051243 0.078185409 0.020005906 0.996737540
27.111350309 -0.262429476 -0.199134231 0.689329088 0.001280717 0.079296030 0.019871714 0.996652186
27.144656636 -0.263058782 -0.199737564 0.691631019 0.001212845 0.080502406 0.020807711 0.996536493
27.177962963 -0.263546228 -0.200302243 0.693631291 0.001283333 0.081648201 0.020879753 0.996441662
27.211269290 -0.264199764 -0.200838864 0.694897473 0.001249542 0.083165564 0.020803360 0.996317804
27.244575617 -0.264817894 -0.201335385 0.696342647 0.001280513 0.084542647 0.020920120 0.996199429
27.277881944 -0.265316039 -0.201810747 0.697890043 0.001302220 0.085664243 0.021313816 0.996095240
27.311188272 -0.265829921 -0.202404156 0.699537575 0.001159144 0.086737916 0.021710619 0.995993912
27.344494599 -0.266138524 -0.202911168 0.701999724 0.001387954 0.087575562 0.021940451 0.995915234
27.377800926 -0.266640812 -0.203383937 0.703809559 0.001508964 0.088694356 0.022303576 0.995808005
27.411107253 -0.267184973 -0.203937739 0.705285251 0.001427366 0.089927495 0.022375012 0.995695949
27.444413580 -0.267679304 -0.204471186 0.706643283 0.001374228 0.091169909 0.022494042 0.995580316
27.477719907 -0.268109143 -0.205027536 0.708343744 0.001375693 0.092146955 0.022654213 0.995486736
27.511026235 -0.268588662 -0.205490351 0.710326552 0.001443434 0.093128182 0.023310825 0.995380163
27.544332562 -0.268977553 -0.206049621 0.712053835 0.001381646 0.094153374 0.023563605 0.995277882
27.577638889 -0.269449234 -0.206618384 0.714224935 0.001492294 0.095273353 0.023490362 0.995172858
27.610945216 -0.269857168 -0.207070887 0.715789557 0.001601800 0.096264362 0.023566812 0.995075464
27.644251543 -0.270265162 -0.207592934 0.717702806 0.001692915 0.097150058 0.023738613 0.994985163
27.677557870 -0.270665407 -0.208079025 0.719458520 0.001629863 0.097933874 0.024287425 0.994895220
27.710864198 -0.270891637 -0.208493248 0.720846713 0.001714290 0.098749459 0.024531396 0.994808435
27.744170525 -0.271535516 -0.208999202 0.722030938 0.001617245 0.100145407 0.024160584 0.994678140
27.777476852 -0.272015184 -0.209528938 0.724464476 0.001776235 0.100978963 0.024793752 0.994578004
27.810783179 -0.272381186 -0.209941775 0.725890875 0.001807090 0.101832777 0.024660522 0.994494200
27.844089506 -0.272760123 -0.210312515 0.727155447 0.001777082 0.102650471 0.025180856 0.994397104
27.877395833 -0.273087829 -0.210714161 0.728612840 0.001848994 0.103527203 0.024873767 0.994313896
27.910702160 -0.273378491 -0.211052150 0.729501963 0.001737137 0.104176439 0.025419103 0.994232416
27.944008488 -0.273788333 -0.211363778 0.730624974 0.001799656 0.105133951 0.025517669 0.994129002
27.977314815 -0.274066001 -0.211696222 0.731623530 0.001773866 0.105824508 0.025610866 0.994053423
28.010621142 -0.273965269 -0.211924329 0.732346475 0.001714143 0.106055476 0.025879066 0.994021952
28.043927469 -0.274256766 -0.212167963 0.733197391 0.001734913 0.106862560 0.025954805 0.993933499
28.077233796 -0.274513572 -0.212354481 0.734154284 0.001836582 0.107463524 0.026119297 0.993864179
28.110540123 -0.274740815 -0.212630704 0.734877288 0.001791326 0.108053632 0.026562212 0.993788540
28.143846451 -0.274939924 -0.212751582 0.735644817 0.001896390 0.108641244 0.026746700 0.993719339
28.177152778 -0.275083750 -0.213038668 0.736258328 0.001785022 0.109239869 0.026793566 0.993652642
28.210459105 -0.275204986 -0.213165700 0.737505138 0.001911564 0.109629773 0.027449965 0.993591547
28.243765432 -0.275308728 -0.213352412 0.737959802 0.001901076 0.110187106 0.027322032 0.993533432
28.277071759 -0.275456339 -0.213418022 0.738381863 0.002013763 0.110789426 0.027227592 0.993468821
28.310378086 -0.275778115 -0.213533163 0.738383174 0.001963849 0.111672156 0.027265724 0.993369043
28.343684414 -0.275657475 -0.213562638 0.738898396 0.002090945 0.111794993 0.027558558 0.993346870
28.376990741 -0.275712907 -0.213556215 0.739079773 0.002154781 0.112253070 0.027762361 0.993289411
28.410297068 -0.275758654 -0.213663578 0.739402473 0.002108693 0.112700216 0.027721744 0.993239999
28.443603395 -0.275710255 -0.213693798 0.739568174 0.002136407 0.112997204 0.027810631 0.993203700
28.476909722 -0.275842309 -0.213700399 0.739682496 0.002135029 0.113406181 0.028194429 0.993146300
28.510216049 -0.275928736 -0.213757724 0.739699066 0.002133080 0.113942228 0.028021140 0.993089855
28.543522377 -0.275945097 -0.213817716 0.739813566 0.002094701 0.114277765 0.028158097 0.993047535
28.576828704 -0.275953025 -0.213755906 0.739736676 0.002183895 0.114614941 0.028151086 0.993008673
28.610135031 -0.276100099 -0.213724598 0.739406765 0.002129024 0.115176454 0.028263405 0.992940605
28.643441358 -0.276144922 -0.213679507 0.739044070 0.002117567 0.115502506 0.028336545 0.992900670
28.676747685 -0.276161432 -0.213733017 0.738939703 0.002002214 0.115839936 0.028406825 0.992859602
28.710054012 -0.275009930 -0.212858155 0.736424088 0.002120674 0.115767598 0.028715238 0.992858887
28.743360340 -0.275065422 -0.212856010 0.735976875 0.002010194 0.116095021 0.028816525 0.992817998
