17.419209 0.0000000 0.0000000 0.0000000 -0.0000000 -0.0000000 -0.0000000 1.0000000
18.784769 -0.0276423 -0.0260877 0.0864694 -0.0007271 0.0087223 0.0010936 0.9999611
18.851381 -0.0293664 -0.0276082 0.0922607 -0.0002004 0.0077646 0.0010209 0.9999694
18.917994 -0.0308246 -0.0288666 0.0976135 0.0003089 0.0069146 0.0006794 0.9999759
19.084525 -0.0349907 -0.0322903 0.1096052 0.0003240 0.0054873 0.0001188 0.9999849
19.151138 -0.0366570 -0.0335415 0.1145412 0.0003993 0.0049728 -0.0003669 0.9999875
19.484201 -0.0447667 -0.0404934 0.1388721 0.0001707 0.0021772 -0.0013280 0.9999967
19.750652 -0.0514334 -0.0461153 0.1599213 0.0003646 0.0001872 -0.0020354 0.9999979
20.083715 -0.0610216 -0.0538803 0.1866128 0.0004763 -0.0015235 -0.0026203 0.9999953
20.150328 -0.0629819 -0.0553614 0.1919839 0.0004632 -0.0019781 -0.0025806 0.9999946
20.583310 -0.0752307 -0.0643611 0.2249417 0.0006425 -0.0036640 -0.0032755 0.9999877
20.749842 -0.0792399 -0.0682279 0.2369790 0.0002791 -0.0042115 -0.0036224 0.9999846
21.049599 -0.0875078 -0.0747666 0.2597492 0.0003741 -0.0049794 -0.0040095 0.9999795
21.249437 -0.0936449 -0.0794163 0.2765635 0.0004609 -0.0059999 -0.0042616 0.9999728
21.482581 -0.1020150 -0.0851245 0.2966864 0.0003739 -0.0080830 -0.0045012 0.9999571
21.982176 -0.1202015 -0.0969755 0.3377452 -0.0001169 -0.0102721 -0.0050618 0.9999344
22.215320 -0.1278136 -0.1023531 0.3568346 -0.0001830 -0.0108826 -0.0055055 0.9999256
22.515077 -0.1377590 -0.1093428 0.3815592 -0.0002149 -0.0112982 -0.0054534 0.9999213
22.814834 -0.1479600 -0.1160439 0.4047638 -0.0006233 -0.0111566 -0.0050644 0.9999248
22.914753 -0.1515080 -0.1183275 0.4126838 -0.0005993 -0.0109647 -0.0049308 0.9999276
23.014672 -0.1544976 -0.1205357 0.4206729 -0.0006390 -0.0109946 -0.0046331 0.9999287
23.247816 -0.1613057 -0.1253658 0.4374905 -0.0006864 -0.0090547 -0.0039895 0.9999508
23.947249 -0.1816782 -0.1398139 0.4873031 -0.0005497 -0.0011397 -0.0012025 0.9999985
24.080475 -0.1856811 -0.1424252 0.4967143 -0.0004579 0.0006783 -0.0005503 0.9999995
24.213700 -0.1893791 -0.1451109 0.5059570 -0.0004483 0.0026364 0.0001447 0.9999964
24.513457 -0.1969441 -0.1507535 0.5255387 -0.0003980 0.0079654 0.0016661 0.9999669
24.646682 -0.2003530 -0.1533075 0.5343770 -0.0002700 0.0100436 0.0022854 0.9999470
24.779907 -0.2039777 -0.1559906 0.5434819 -0.0003922 0.0119513 0.0031504 0.9999236
24.946439 -0.2085772 -0.1593376 0.5552731 -0.0002308 0.0144419 0.0039540 0.9998879
25.112971 -0.2134761 -0.1627745 0.5670279 -0.0002722 0.0173092 0.0049159 0.9998381
25.479340 -0.2242232 -0.1700062 0.5923645 0.0001603 0.0243488 0.0074997 0.9996754
25.679178 -0.2295783 -0.1739343 0.6059124 0.0003521 0.0290957 0.0089461 0.9995365
25.879016 -0.2347407 -0.1777238 0.6188999 0.0005420 0.0339399 0.0102943 0.9993707
26.078854 -0.2396973 -0.1813351 0.6316352 0.0007683 0.0392098 0.0121624 0.9991567
26.278692 -0.2445136 -0.1847592 0.6430313 0.0010418 0.0463446 0.0134445 0.9988345
26.511836 -0.2494940 -0.1886445 0.6561786 0.0012625 0.0551131 0.0151824 0.9983639
26.711674 -0.2535373 -0.1918578 0.6672627 0.0013961 0.0623439 0.0172652 0.9979044
26.944819 -0.2581295 -0.1955416 0.6791440 0.0015263 0.0723749 0.0189483 0.9971963
27.144657 -0.2616291 -0.1987565 0.6892046 0.0014979 0.0800679 0.0206946 0.9965734
27.610945 -0.2684701 -0.2061585 0.7141839 0.0019222 0.0956962 0.0239098 0.9951215
27.810783 -0.2707700 -0.2089104 0.7236074 0.0020606 0.1010497 0.0249840 0.9945655
28.043927 -0.2728834 -0.2112410 0.7314502 0.0020469 0.1062029 0.0265843 0.9939870
28.243765 -0.2740638 -0.2124608 0.7358089 0.0020893 0.1097725 0.0276415 0.9935701
28.476910 -0.2746484 -0.2128474 0.7372112 0.0021721 0.1130187 0.0287050 0.9931758
