# ORB-SLAM3 monocular per-frame trajectory, TUM format
# timestamp tx ty tz qx qy qz qw   (Twc: camera-to-world)
1.366568062 -0.018969562 -0.018631410 0.058166247 -0.001348476 -0.002329993 -0.000510945 0.999996245
1.399898990 -0.019541046 -0.019289983 0.060256626 -0.001338700 -0.002386901 -0.000658248 0.999996066
1.433229918 -0.020281153 -0.020076111 0.063175991 -0.001406253 -0.002602463 -0.000551758 0.999995470
1.466560847 -0.021477314 -0.020677084 0.065425366 -0.001331739 -0.002392206 -0.000563773 0.999996126
1.499891775 -0.022386948 -0.021387028 0.068363175 -0.001219948 -0.002436563 -0.000630435 0.999996066
1.533222703 -0.023263572 -0.022058327 0.070277579 -0.001366019 -0.002226170 -0.000284948 0.999996543
1.566553632 -0.024333732 -0.023115851 0.073115014 -0.001484707 -0.002241095 -0.000349275 0.999996364
1.599884560 -0.025362356 -0.024131197 0.077002414 -0.001539009 -0.002548907 -0.000262266 0.999995530
1.633215488 -0.026134312 -0.025145106 0.079880163 -0.001490571 -0.002741479 -0.000242007 0.999995112
1.666546417 -0.027550876 -0.026204184 0.082990333 -0.001513561 -0.002542923 -0.000276825 0.999995589
1.699877345 -0.028349422 -0.027693950 0.087205902 -0.001647082 -0.003013801 -0.000402704 0.999994040
1.733208273 -0.029722130 -0.028499734 0.090697095 -0.001391549 -0.002990417 -0.000342628 0.999994516
1.766539202 -0.031063091 -0.029775284 0.094299883 -0.001510108 -0.002946046 -0.000554855 0.999994397
1.799870130 -0.032158073 -0.031093221 0.097314976 -0.001794128 -0.003053392 -0.000194167 0.999993742
1.833201058 -0.033259217 -0.032044679 0.101755098 -0.001687347 -0.003389481 -0.000152189 0.999992847
1.866531987 -0.035044551 -0.032990232 0.104758970 -0.001501105 -0.003065527 -0.000455307 0.999994099
1.899862915 -0.036161404 -0.034262367 0.109041430 -0.001543345 -0.003426672 -0.000454475 0.999992847
1.933193843 -0.037700716 -0.035589650 0.112480402 -0.001738261 -0.003381238 -0.000407130 0.999992728
1.966524772 -0.039341718 -0.036755722 0.116819933 -0.001586203 -0.003449255 -0.000460235 0.999992669
1.999855700 -0.040720314 -0.037941784 0.120178714 -0.001707589 -0.003623324 -0.000446478 0.999991894
2.033186628 -0.042276803 -0.039247647 0.124552622 -0.001685710 -0.003665101 -0.000552009 0.999991715
2.066517557 -0.043772746 -0.040498544 0.127683029 -0.001690166 -0.003577436 -0.000728486 0.999991894
2.099848485 -0.045423619 -0.041757274 0.132214010 -0.001677281 -0.003767703 -0.000649018 0.999991298
2.133179413 -0.046907932 -0.042890593 0.135244980 -0.001713507 -0.003638055 -0.000607803 0.999991775
2.166510342 -0.048597731 -0.044294316 0.139411464 -0.001721955 -0.003609465 -0.000709032 0.999991775
2.199841270 -0.049956165 -0.045431342 0.143612340 -0.001612902 -0.003906657 -0.000928332 0.999990642
2.233172198 -0.051449541 -0.046751939 0.147147492 -0.001704524 -0.003925643 -0.000829447 0.999990523
2.266503127 -0.052565407 -0.047812004 0.151299372 -0.001582999 -0.004273568 -0.001116978 0.999989033
2.299834055 -0.054276701 -0.049288504 0.155326813 -0.001605617 -0.004186305 -0.001204993 0.999989212
2.333164983 -0.055390336 -0.050367091 0.159051612 -0.001622299 -0.004386048 -0.001090949 0.999988496
2.366495911 -0.056827024 -0.051418718 0.163081780 -0.001437997 -0.004379165 -0.001274049 0.999988556
2.399826840 -0.058276560 -0.052568678 0.166971803 -0.001385913 -0.004529946 -0.001303399 0.999987960
2.433157768 -0.059799779 -0.053908192 0.170501590 -0.001283552 -0.004358991 -0.001638242 0.999988317
2.466488696 -0.061197586 -0.055500049 0.174601480 -0.001751498 -0.004737388 -0.001546167 0.999986053
2.499819625 -0.062930942 -0.056216247 0.179058373 -0.001155215 -0.004916131 -0.001855531 0.999985576
2.533150553 -0.064423695 -0.057424311 0.183189511 -0.001061203 -0.005059463 -0.002183097 0.999984264
2.566481481 -0.065756157 -0.058801480 0.186891630 -0.001194810 -0.005364755 -0.002137197 0.999982595
2.599812410 -0.067387432 -0.060127083 0.191560537 -0.001092754 -0.005663671 -0.002347753 0.999980628
2.633143338 -0.068974465 -0.061583970 0.195988268 -0.001176611 -0.006100615 -0.002351556 0.999977946
2.666474266 -0.070970401 -0.063307442 0.199810460 -0.001334459 -0.006177123 -0.002727582 0.999976337
2.699805195 -0.072962835 -0.064511195 0.204351410 -0.001180806 -0.006409066 -0.002930086 0.999974489
2.733136123 -0.074350528 -0.065719120 0.208993375 -0.000982312 -0.007055086 -0.003233858 0.999969423
2.766467051 -0.076197334 -0.066971965 0.213699013 -0.000802826 -0.007492235 -0.003333790 0.999966085
2.799797980 -0.077933028 -0.068430662 0.217829973 -0.000768138 -0.007951423 -0.003713377 0.999961197
2.833128908 -0.080051877 -0.069716454 0.222478971 -0.000761536 -0.008446281 -0.003862934 0.999956608
2.866459836 -0.081801102 -0.071476236 0.226428136 -0.001073428 -0.009035233 -0.003809888 0.999951363
2.899790765 -0.083660170 -0.072695427 0.231613845 -0.000906371 -0.009844700 -0.004193111 0.999942362
2.933121693 -0.085839957 -0.073967703 0.235929519 -0.000669043 -0.010391207 -0.004513956 0.999935627
2.966452621 -0.087944426 -0.075459935 0.240175188 -0.000709014 -0.010896944 -0.004856505 0.999928594
2.999783550 -0.089924835 -0.077083647 0.244972512 -0.000837606 -0.011839223 -0.005014072 0.999916971
3.033114478 -0.091815606 -0.078349032 0.249393806 -0.000719244 -0.012797533 -0.005461209 0.999902964
3.066445406 -0.094310738 -0.079825900 0.254953116 -0.000565386 -0.013646774 -0.005919426 0.999889255
3.099776335 -0.096044935 -0.081144519 0.259999722 -0.000390382 -0.014893430 -0.006014313 0.999870956
3.133107263 -0.098435670 -0.083113573 0.264830649 -0.000459304 -0.015791938 -0.006731153 0.999852538
3.166438191 -0.100164331 -0.084054507 0.269258797 -0.000370216 -0.016849378 -0.006775740 0.999835014
3.199769120 -0.102385342 -0.086099766 0.274589211 -0.000419263 -0.018103398 -0.007361871 0.999808967
3.233100048 -0.104637064 -0.087810919 0.280140281 -0.000493611 -0.019451510 -0.007595882 0.999781847
3.266430976 -0.106647909 -0.088847160 0.282920361 -0.000417134 -0.020047383 -0.007912785 0.999767661
3.299761905 -0.109211557 -0.090540357 0.288629889 -0.000352596 -0.021310918 -0.008337640 0.999738097
3.333092833 -0.111065522 -0.092074551 0.293451607 -0.000238168 -0.022625113 -0.009169365 0.999701977
3.366423761 -0.113214649 -0.093305156 0.298600554 -0.000151547 -0.023771722 -0.009083789 0.999676108
3.399754690 -0.115352295 -0.094771616 0.304029971 0.000026535 -0.025080135 -0.009707297 0.999638319
3.433085618 -0.116855301 -0.096853875 0.310597271 0.000077241 -0.027016871 -0.010651658 0.999578238
3.466416546 -0.118780397 -0.098052263 0.315369785 0.000134220 -0.028136997 -0.010834248 0.999545395
3.499747475 -0.120745473 -0.099422105 0.320392549 0.000491434 -0.029387925 -0.011648890 0.999500096
3.533078403 -0.122497655 -0.101420663 0.326237112 0.000191363 -0.031311564 -0.012047143 0.999437034
3.566409331 -0.124523908 -0.102603912 0.331340998 0.000646276 -0.032506421 -0.012850201 0.999388754
3.599740260 -0.126258373 -0.103906535 0.337109894 0.000893419 -0.034427103 -0.013647476 0.999313653
3.633071188 -0.128658116 -0.104928762 0.343037337 0.001545528 -0.035947643 -0.014601962 0.999245822
3.666402116 -0.130667746 -0.106520422 0.346786112 0.001409717 -0.037252855 -0.015356274 0.999186873
3.699733045 -0.132489651 -0.108087301 0.352278590 0.001588371 -0.039292954 -0.016152082 0.999095917
3.733063973 -0.134510592 -0.109645896 0.358455926 0.001833195 -0.041807011 -0.017042182 0.998978674
3.766394901 -0.136565939 -0.111182176 0.365294844 0.002272826 -0.044596162 -0.018205311 0.998836637
3.799725830 -0.140291572 -0.112740800 0.370409340 0.002421797 -0.046293024 -0.018816510 0.998747766
3.833056758 -0.143592700 -0.114531256 0.377130449 0.002617101 -0.049072664 -0.019468589 0.998602033
3.866387686 -0.146579936 -0.117215589 0.382689983 0.001814917 -0.052018803 -0.019523380 0.998453617
3.899718615 -0.147863135 -0.118904836 0.390821576 0.002216663 -0.056258380 -0.021154886 0.998189628
3.933049543 -0.149021715 -0.120273821 0.397308975 0.002365282 -0.059589811 -0.020660186 0.998006344
3.966380471 -0.152712569 -0.122198962 0.403617382 0.002277371 -0.062241923 -0.021248680 0.997832298
3.999711400 -0.155642077 -0.122270629 0.412320763 0.003885227 -0.064572632 -0.022836957 0.997644126
4.033042328 -0.158471555 -0.122669041 0.424352169 0.005627688 -0.068481356 -0.023560822 0.997358263
4.066373256 -0.162911683 -0.125288174 0.431403607 0.005382422 -0.069822073 -0.023600629 0.997265756
4.099704185 -0.166310325 -0.126954272 0.438947797 0.005933154 -0.072282925 -0.024869477 0.997056425
4.133035113 -0.170836464 -0.129515290 0.443461597 0.005274376 -0.073556967 -0.024332684 0.996980190
4.166366041 -0.173295319 -0.130793124 0.454820186 0.006775077 -0.076956972 -0.026983017 0.996646225
4.199696970 -0.177982137 -0.132800296 0.456369370 0.005980780 -0.077286094 -0.026714342 0.996633053
4.233027898 -0.183470547 -0.136970595 0.461358041 0.004337923 -0.078883849 -0.026364433 0.996525705
4.266358826 -0.188119888 -0.140526086 0.466884077 0.003045072 -0.080636032 -0.025959944 0.996400893
4.299689755 -0.191420436 -0.141934618 0.476053089 0.003956379 -0.083635338 -0.027138438 0.996118963
4.333020683 -0.195096657 -0.142304018 0.475873202 0.003865688 -0.084067166 -0.028141700 0.996055126
4.366351611 -0.196426928 -0.145214006 0.486108333 0.003864662 -0.088489607 -0.028833376 0.995652199
4.399682540 -0.200600743 -0.146892771 0.492200106 0.004077971 -0.090423986 -0.029570758 0.995455921
4.433013468 -0.204331577 -0.149558976 0.499650538 0.003852794 -0.092916101 -0.030258255 0.995206654
4.466344396 -0.207089201 -0.150731355 0.503936946 0.004110274 -0.095224187 -0.031337898 0.994953990
4.499675325 -0.211879015 -0.152831793 0.509411037 0.003677255 -0.096856005 -0.031528346 0.994792163
4.533006253 -0.214960083 -0.154940531 0.517327666 0.004221798 -0.099828862 -0.032832593 0.994453847
4.566337181 -0.219185472 -0.157126337 0.523357272 0.003911650 -0.101945952 -0.033360619 0.994222701
4.599668110 -0.222770974 -0.158629969 0.531321108 0.004888838 -0.104558647 -0.035196383 0.993883729
4.632999038 -0.227050543 -0.160765231 0.537853897 0.004607580 -0.106695831 -0.035533354 0.993645906
4.666329966 -0.231640801 -0.161839619 0.543958485 0.005447694 -0.108725451 -0.036612716 0.993382394
4.699660895 -0.233246908 -0.164732486 0.554639757 0.005759950 -0.113178037 -0.038081449 0.992827952
4.732991823 -0.237228870 -0.167555287 0.562344074 0.005652242 -0.116012961 -0.039339278 0.992452264
4.766322751 -0.241884023 -0.170468375 0.569845021 0.005290132 -0.118266523 -0.039648563 0.992175937
4.799653680 -0.244072229 -0.172426298 0.578259885 0.006014956 -0.121997520 -0.041861601 0.991629004
4.832984608 -0.249873966 -0.175303742 0.584642112 0.005449324 -0.123397715 -0.041984644 0.991453767
4.866315536 -0.255181372 -0.175399303 0.590052187 0.006551066 -0.124823451 -0.043083172 0.991221488
4.899646465 -0.259623289 -0.177936926 0.595898449 0.006460430 -0.126720905 -0.044158868 0.990933955
4.932977393 -0.263998270 -0.180503577 0.603307664 0.006334581 -0.128866613 -0.045302682 0.990606368
4.966308321 -0.267466694 -0.183393478 0.611306071 0.006226403 -0.131863862 -0.046469495 0.990158498
4.999639250 -0.272048086 -0.185146943 0.616965592 0.006472170 -0.133605897 -0.047316711 0.989883184
5.032970178 -0.277358592 -0.186866611 0.620731175 0.005953107 -0.134615570 -0.047270648 0.989751816
5.066301106 -0.281799763 -0.186676770 0.626279712 0.007448121 -0.136040539 -0.048346896 0.989494920
5.099632035 -0.286602110 -0.190963879 0.633850455 0.006089810 -0.138278648 -0.048814207 0.989170969
5.132962963 -0.289871097 -0.191652671 0.639583528 0.007152444 -0.140187219 -0.050307520 0.988820314
5.166293891 -0.294369221 -0.196093872 0.647276878 0.005860998 -0.142603874 -0.051036965 0.988445759
5.199624820 -0.299238086 -0.196200028 0.650581419 0.006619702 -0.143007487 -0.051861878 0.988339722
5.232955748 -0.304432094 -0.198355451 0.656388223 0.006371455 -0.144333169 -0.052049834 0.988138735
5.266286676 -0.308922142 -0.201630980 0.663840115 0.005742783 -0.146403834 -0.052692622 0.987803876
5.299617605 -0.313302755 -0.202691838 0.669289887 0.006440514 -0.147819519 -0.053753808 0.987531543
5.332948533 -0.317363381 -0.202892408 0.673923075 0.007212936 -0.149082482 -0.054112490 0.987316728
5.366279461 -0.322890908 -0.204834193 0.677974880 0.006668127 -0.149749011 -0.054088626 0.987220943
5.399610390 -0.327059418 -0.206096202 0.682914436 0.007053531 -0.150951430 -0.054677583 0.987002671
5.432941318 -0.331809789 -0.209545419 0.690997779 0.006570073 -0.152876720 -0.055770647 0.986648500
5.466272246 -0.335880131 -0.209357560 0.694650590 0.007510975 -0.153612033 -0.055920318 0.986519098
5.499603175 -0.339943111 -0.211006284 0.699787259 0.007624309 -0.154793322 -0.056434575 0.986304283
5.532934103 -0.343045712 -0.209343404 0.697985768 0.008397501 -0.153638929 -0.055893637 0.986509264
5.566265031 -0.345981568 -0.210177451 0.700106263 0.008463443 -0.154293939 -0.056269981 0.986385047
5.599595960 -0.350121379 -0.211675942 0.707047820 0.008574020 -0.155703753 -0.055352286 0.986214459
5.632926888 -0.353567511 -0.211508051 0.708969653 0.009712347 -0.155999884 -0.057174053 0.986053169
5.666257816 -0.357938558 -0.213551760 0.714343309 0.009333405 -0.157020658 -0.056927886 0.985909045
5.699588745 -0.362007260 -0.215124860 0.720114231 0.009582450 -0.158176512 -0.057341959 0.985697865
5.732919673 -0.365802824 -0.213630438 0.719377875 0.010586245 -0.156932831 -0.057177987 0.985895932
5.766250601 -0.368693292 -0.214249194 0.722855687 0.011242552 -0.157819599 -0.057682764 0.985717714
5.799581530 -0.372689575 -0.215159819 0.727263093 0.011620058 -0.158394948 -0.058165796 0.985592604
5.832912458 -0.376158506 -0.215344563 0.731385350 0.012675016 -0.159019023 -0.058564283 0.985455513
5.866243386 -0.380300462 -0.216254756 0.736328423 0.013195299 -0.159637332 -0.059030510 0.985320866
5.899574315 -0.383997351 -0.218383789 0.741412163 0.012719734 -0.160978049 -0.058971696 0.985112488
5.932905243 -0.388361335 -0.220008239 0.746055603 0.012411515 -0.161456257 -0.058340978 0.985075712
5.966236171 -0.392877489 -0.220759481 0.748139918 0.012539931 -0.160848424 -0.058710739 0.985151589
5.999567100 -0.396993548 -0.221558005 0.751748085 0.012832886 -0.161334351 -0.058572412 0.985076606
6.032898028 -0.400669307 -0.222950041 0.756642997 0.012957448 -0.162481979 -0.058844276 0.984870076
6.066228956 -0.405047566 -0.224262819 0.761841595 0.013481983 -0.163267896 -0.059458014 0.984696209
6.099559885 -0.408401549 -0.225559443 0.766129375 0.013532744 -0.164175585 -0.059481587 0.984543145
6.132890813 -0.412443817 -0.227298334 0.769267857 0.012880617 -0.164362997 -0.059211563 0.984536886
6.166221741 -0.417000979 -0.228204548 0.773594558 0.013469567 -0.164033711 -0.059523143 0.984565139
6.199552670 -0.420454919 -0.229030728 0.777561069 0.014008017 -0.164447427 -0.059676416 0.984479368
6.232883598 -0.424103111 -0.229483917 0.781369865 0.014750570 -0.164615497 -0.059507452 0.984450638
6.266214526 -0.427348614 -0.230151564 0.784255028 0.015182361 -0.164587736 -0.059685823 0.984437943
6.299545455 -0.431116968 -0.231623635 0.789567173 0.015324567 -0.165426075 -0.059545152 0.984303713
6.332876383 -0.435433716 -0.233783245 0.794269443 0.014849605 -0.165460542 -0.059781287 0.984290898
6.366207311 -0.438885719 -0.234740064 0.797633827 0.015102121 -0.165440261 -0.059558101 0.984304011
6.399538240 -0.442961454 -0.236901566 0.803156853 0.014356674 -0.166043416 -0.059035175 0.984245062
6.432869168 -0.445519805 -0.235483095 0.803671122 0.016702473 -0.165218860 -0.059389886 0.984325469
6.466200096 -0.448287517 -0.236534610 0.806491435 0.017043797 -0.165443167 -0.059923127 0.984249651
6.499531025 -0.452203810 -0.237841979 0.811084747 0.017013874 -0.165629715 -0.059268650 0.984258413
6.532861953 -0.455483049 -0.239268512 0.813747942 0.016723001 -0.165403098 -0.059337389 0.984297335
6.566192881 -0.459385037 -0.239135340 0.817498147 0.018308977 -0.165044114 -0.060086593 0.984283924
6.599523810 -0.462873429 -0.240351871 0.821047783 0.018471489 -0.164893061 -0.060456604 0.984283566
6.632854738 -0.466637552 -0.241230428 0.824699759 0.018837446 -0.164687335 -0.060297675 0.984320819
6.666185666 -0.469684243 -0.242472291 0.828452170 0.019055173 -0.164932653 -0.060299035 0.984275460
6.699516595 -0.473302484 -0.243429795 0.831981242 0.019130988 -0.164728105 -0.059891041 0.984333158
6.732847523 -0.476832867 -0.245030090 0.835552037 0.018881302 -0.164574564 -0.060060292 0.984353364
6.766178451 -0.480699331 -0.245189458 0.841142774 0.020322779 -0.165270552 -0.059622124 0.984234631
6.799509380 -0.484454930 -0.246084392 0.845417857 0.021176122 -0.165004194 -0.059459351 0.984271169
6.832840308 -0.487020820 -0.246776640 0.848078847 0.021449322 -0.165043369 -0.059706550 0.984243751
6.866171236 -0.489930123 -0.247443900 0.851571202 0.022215491 -0.165017620 -0.059617113 0.984236479
6.899502165 -0.493603051 -0.248591602 0.854133368 0.022201346 -0.164185777 -0.058757138 0.984427631
6.932833093 -0.495732814 -0.248039350 0.856233716 0.023647130 -0.164075106 -0.058996961 0.984398067
6.966164021 -0.499049783 -0.248659819 0.859689355 0.024317360 -0.163851216 -0.058576230 0.984444141
6.999494949 -0.501587212 -0.249934822 0.863032937 0.024399683 -0.164057359 -0.058847491 0.984391630
7.032825878 -0.504552126 -0.249997526 0.866343439 0.025747215 -0.163933724 -0.059056379 0.984365404
7.066156806 -0.507472932 -0.251090795 0.870878875 0.026325991 -0.164387643 -0.059122868 0.984270334
7.099487734 -0.510309100 -0.251237899 0.873248100 0.027335972 -0.163766995 -0.058964550 0.984355807
7.132818663 -0.514253020 -0.253519982 0.875413001 0.025670847 -0.162724704 -0.057911959 0.984635949
7.166149591 -0.516897917 -0.254074693 0.879684091 0.026878271 -0.163165689 -0.058110368 0.984519064
7.199480519 -0.520478070 -0.254581392 0.883343816 0.027660877 -0.162693620 -0.057433452 0.984615207
7.232811448 -0.523736000 -0.255296409 0.886594534 0.028163735 -0.162368536 -0.056828693 0.984689653
7.266142376 -0.527185023 -0.256713212 0.890232801 0.028219013 -0.161882013 -0.056758657 0.984772265
7.299473304 -0.528169394 -0.257120281 0.892171085 0.028928708 -0.162627712 -0.057622280 0.984578609
7.332804233 -0.531163037 -0.257779986 0.895423889 0.029481744 -0.162115663 -0.057096630 0.984677315
7.366135161 -0.534054875 -0.259586096 0.899085164 0.029368393 -0.162362456 -0.056904092 0.984651148
7.399466089 -0.537105978 -0.260401368 0.903134108 0.030459372 -0.162426859 -0.057165388 0.984592259
7.432797018 -0.541262984 -0.262064099 0.906465292 0.029977830 -0.161374018 -0.056025684 0.984845638
7.466127946 -0.544307053 -0.263320416 0.910336018 0.030325133 -0.161377668 -0.055685636 0.984853685
7.499458874 -0.547187924 -0.263779253 0.913315892 0.031243473 -0.160819665 -0.055653125 0.984918118
7.532789803 -0.550377488 -0.263724536 0.916232407 0.032749895 -0.160003051 -0.054897737 0.985044539
7.566120731 -0.553272605 -0.263750434 0.918971896 0.034064066 -0.159275994 -0.054398559 0.985145509
7.599451659 -0.557414770 -0.267055452 0.924303293 0.032061096 -0.159477264 -0.053902101 0.985207438
7.632782588 -0.560569704 -0.267557114 0.927594602 0.033234388 -0.158753797 -0.053687669 0.985297084
7.666113516 -0.563296318 -0.268652648 0.930675983 0.033149537 -0.158611298 -0.053191844 0.985349774
7.699444444 -0.566763282 -0.269922972 0.934694529 0.033453252 -0.158159241 -0.052808646 0.985432804
7.732775373 -0.569091916 -0.270800769 0.937383950 0.034041855 -0.157877058 -0.053897332 0.985398948
7.766106301 -0.572109222 -0.272456735 0.941907585 0.033717483 -0.158125982 -0.052732699 0.985433221
7.799437229 -0.574795425 -0.273459703 0.945155025 0.034054212 -0.157966375 -0.052400276 0.985464990
7.832768158 -0.577813387 -0.274168760 0.947660208 0.034140069 -0.156933904 -0.051042441 0.985698164
7.866099086 -0.580172658 -0.274925411 0.950741470 0.034886464 -0.156708479 -0.051301744 0.985694468
7.899430014 -0.583389580 -0.275946319 0.954550803 0.035530262 -0.156100392 -0.051163025 0.985775113
7.932760943 -0.585780382 -0.276897222 0.956823528 0.035689265 -0.155221477 -0.050913807 0.985921085
7.966091871 -0.588239968 -0.277816623 0.960158944 0.036224429 -0.154949173 -0.050503079 0.985965490
7.999422799 -0.590681911 -0.278418005 0.962907970 0.036785502 -0.154293373 -0.049770467 0.986084819
8.032753728 -0.592781186 -0.279133260 0.965369880 0.037268259 -0.153861195 -0.049278513 0.986158967
8.066084656 -0.594913483 -0.279893756 0.967642486 0.037626635 -0.153130516 -0.049046177 0.986270666
8.099415584 -0.597512245 -0.280506939 0.970204294 0.038222469 -0.152032450 -0.048202805 0.986459196
8.132746513 -0.598829985 -0.281966358 0.973042727 0.037900727 -0.152456164 -0.048760921 0.986378729
8.166077441 -0.601492465 -0.282708257 0.975826263 0.038307652 -0.151613295 -0.047466692 0.986556053
8.199408369 -0.603552222 -0.283415645 0.978316367 0.038852606 -0.151001781 -0.047065444 0.986647785
8.232739298 -0.606252074 -0.283949316 0.980482042 0.039283201 -0.149553731 -0.045831323 0.986909330
8.266070226 -0.607869208 -0.285182863 0.983115554 0.039117772 -0.149565935 -0.045709413 0.986919701
8.299401154 -0.610209703 -0.286166966 0.986182153 0.039737802 -0.148767337 -0.045747411 0.987013876
8.332732083 -0.611318767 -0.287635267 0.988699496 0.039126612 -0.149418861 -0.045801885 0.986937344
8.366063011 -0.614476800 -0.287404567 0.991327107 0.041105367 -0.147229955 -0.044219065 0.987258017
8.399393939 -0.616903841 -0.287673235 0.993526459 0.041900288 -0.145892158 -0.042546656 0.987496674
8.432724868 -0.618363023 -0.289619833 0.996189177 0.040932517 -0.145992339 -0.043354914 0.987487257
8.466055796 -0.620532513 -0.290437490 0.998961210 0.041605204 -0.145170346 -0.043169107 0.987588525
8.499386724 -0.622647345 -0.290708780 1.001089096 0.042681001 -0.143766955 -0.042269096 0.987786770
8.532717653 -0.625380516 -0.291235954 1.003573298 0.043313958 -0.142132118 -0.040818643 0.988056839
8.566048581 -0.627590895 -0.291897357 1.006366372 0.043736968 -0.141302288 -0.039369904 0.988215923
8.599379509 -0.629590988 -0.292636126 1.008831263 0.044423606 -0.140137300 -0.039016131 0.988365233
8.632710438 -0.631589949 -0.293121547 1.010941744 0.045236550 -0.138653889 -0.038500074 0.988557816
8.666041366 -0.633926868 -0.294163078 1.013564467 0.045158565 -0.137497783 -0.037338920 0.988767385
8.699372294 -0.635397255 -0.294917196 1.015685916 0.045536872 -0.136663973 -0.037126370 0.988873601
8.732703223 -0.637405813 -0.295703232 1.017910600 0.045752358 -0.135341048 -0.035895113 0.989091039
8.766034151 -0.638435900 -0.296850055 1.019789577 0.045555748 -0.134774804 -0.036630809 0.989150465
8.799365079 -0.640563309 -0.297216535 1.021694422 0.046082120 -0.132846892 -0.034631830 0.989458859
8.832696008 -0.642255783 -0.297134727 1.023761988 0.047765490 -0.131162450 -0.033540264 0.989641368
8.866026936 -0.643576503 -0.297825009 1.025658727 0.047934718 -0.130040199 -0.032862559 0.989803970
8.899357864 -0.645066559 -0.297968358 1.027091265 0.048964616 -0.127953172 -0.031911947 0.990056634
8.932688793 -0.646757305 -0.298744500 1.028132439 0.048009224 -0.125550836 -0.029597836 0.990482748
8.966019721 -0.647727489 -0.299332410 1.029778361 0.048449989 -0.124125510 -0.029396448 0.990646899
8.999350649 -0.649075687 -0.299403071 1.030887365 0.049119469 -0.121794693 -0.027689192 0.990952432
9.032681578 -0.650249064 -0.299795628 1.032498121 0.049707569 -0.120108813 -0.026767766 0.991154134
9.066012506 -0.651794136 -0.300288409 1.033825994 0.049835224 -0.117670767 -0.025107024 0.991483569
9.099343434 -0.653457999 -0.300791770 1.035141230 0.050048444 -0.114812218 -0.024089459 0.991833150
9.132674363 -0.653706849 -0.301112205 1.036385536 0.050197694 -0.114608079 -0.022585718 0.991884589
9.166005291 -0.655099154 -0.302177817 1.038305283 0.049768455 -0.112793736 -0.021945814 0.992128551
9.199336219 -0.656050086 -0.302479982 1.039363265 0.050215419 -0.110965408 -0.021325102 0.992325723
9.232667148 -0.657653034 -0.302062094 1.040657282 0.051698737 -0.108172223 -0.018408978 0.992616296
9.265998076 -0.658392787 -0.303739935 1.041965604 0.050061960 -0.106713377 -0.019418973 0.992838860
9.299329004 -0.659399092 -0.304182112 1.042848945 0.050072208 -0.104073413 -0.018340636 0.993139029
9.332659933 -0.659902632 -0.304555446 1.044078350 0.049855821 -0.103185184 -0.016427675 0.993276060
9.365990861 -0.660316825 -0.304697752 1.044994116 0.050515447 -0.101192936 -0.015712699 0.993459284
9.399321789 -0.662328660 -0.304620475 1.044895053 0.050829127 -0.095955282 -0.013560450 0.993994534
9.432652718 -0.662238479 -0.305411667 1.045959353 0.049821153 -0.095612295 -0.012595908 0.994091332
9.465983646 -0.663231134 -0.305343658 1.046445489 0.050212201 -0.092844300 -0.010551597 0.994357765
9.499314574 -0.664435804 -0.304971516 1.046452641 0.050870981 -0.088998526 -0.008141623 0.994698524
9.532645503 -0.664861202 -0.305091828 1.046638370 0.050751243 -0.086919799 -0.006787693 0.994898558
9.565976431 -0.665024042 -0.305552989 1.047682643 0.050407652 -0.086002998 -0.005897886 0.995001435
9.599307359 -0.665145040 -0.305902809 1.048365116 0.050485235 -0.084520824 -0.005732274 0.995125413
9.632638288 -0.665752053 -0.305914462 1.047993064 0.049914394 -0.081082001 -0.002972632 0.995452404
9.665969216 -0.666833997 -0.305748940 1.048453450 0.050563648 -0.077815801 -0.001183348 0.995683968
9.699300144 -0.667088330 -0.306390435 1.048909545 0.049217306 -0.076384000 0.000580185 0.995862842
9.732631073 -0.667608082 -0.306062847 1.049112678 0.050034236 -0.073702827 0.002261173 0.996021748
9.765962001 -0.671235502 -0.306897402 1.049395800 0.048443124 -0.065550067 0.005389504 0.996658146
9.799292929 -0.672759175 -0.306683153 1.049360514 0.048746180 -0.060736842 0.007923468 0.996931314
9.832623858 -0.673157275 -0.306786239 1.049457908 0.048523605 -0.058332387 0.009620647 0.997070849
9.865954786 -0.674190104 -0.307084978 1.049938560 0.048233844 -0.054806076 0.011310588 0.997267187
9.899285714 -0.674325347 -0.306732982 1.049252510 0.048395108 -0.051489756 0.013731255 0.997405708
9.932616643 -0.676170230 -0.306779295 1.049327135 0.048127010 -0.046155900 0.016988011 0.997629642
9.965947571 -0.677248180 -0.307941586 1.049407363 0.046559360 -0.041729003 0.016529948 0.997906685
9.999278499 -0.677968740 -0.307130545 1.049790621 0.047673248 -0.039121296 0.021092735 0.997873724
10.032609428 -0.680710137 -0.308334291 1.049486876 0.045628555 -0.031100020 0.022005718 0.998231769
10.065940356 -0.681459904 -0.308421254 1.049815774 0.045588076 -0.027738916 0.024091581 0.998284519
10.099271284 -0.681916296 -0.308723420 1.050343394 0.045201994 -0.025074527 0.025675399 0.998333037
10.132602213 -0.683257580 -0.308747590 1.050155520 0.044884637 -0.019897895 0.028755615 0.998379946
10.165933141 -0.683255851 -0.308754176 1.050280213 0.044854686 -0.017858224 0.030998040 0.998352766
10.199264069 -0.683019638 -0.308791816 1.049405456 0.044087540 -0.015787242 0.032861631 0.998362243
10.232594998 -0.683020890 -0.308842808 1.049504399 0.043897390 -0.013643921 0.034800813 0.998336554
10.265925926 -0.683008909 -0.308774918 1.049243927 0.043662418 -0.011652711 0.037175894 0.998286426
10.299256854 -0.686955035 -0.307972342 1.047516584 0.044122290 0.001491219 0.042809598 0.998107433
10.332587783 -0.686927974 -0.307931393 1.047373772 0.044043303 0.003713789 0.044269979 0.998041391
10.365918711 -0.687403917 -0.308070242 1.047200441 0.043468837 0.007008396 0.046805739 0.997933149
10.399249639 -0.690528810 -0.308753967 1.047941327 0.042942312 0.015328920 0.048862930 0.997764230
10.432580568 -0.701884508 -0.310125649 1.047489643 0.041232534 0.041306131 0.053512406 0.996860147
10.465911496 -0.702872157 -0.310151517 1.048002839 0.041474856 0.045435976 0.055827960 0.996543407
10.499242424 -0.704246402 -0.310699522 1.048365593 0.040743511 0.050731633 0.057743866 0.996208787
10.532573353 -0.704913318 -0.311349183 1.048586607 0.039721411 0.054847192 0.059100002 0.995952427
10.565904281 -0.733257294 -0.311111748 1.046785951 0.041359492 0.119732574 0.077204429 0.988935292
10.599235209 -0.734767556 -0.311313003 1.047843218 0.041651033 0.125360474 0.080091245 0.987995625
10.632566138 -0.736495435 -0.310926825 1.049222946 0.043308578 0.131176263 0.084495917 0.986801684
10.665897066 -0.737340450 -0.312129885 1.050045371 0.041649938 0.136155650 0.085487559 0.986113012
10.699227994 -0.751699448 -0.311868846 1.050275445 0.043419663 0.172610119 0.097309344 0.979209542
10.732558923 -0.752410173 -0.312940747 1.051242471 0.042132966 0.177508190 0.098499618 0.978270650
10.765889851 -0.753438830 -0.312638879 1.052845716 0.043719478 0.182120830 0.102726974 0.976917505
10.799220779 -0.753877223 -0.313769698 1.053836107 0.042270429 0.186726615 0.103178479 0.976063848
10.832551708 -0.755762696 -0.315282583 1.054936290 0.040135980 0.196107313 0.105400167 0.974074900
10.865882636 -0.756691992 -0.316207141 1.056183696 0.039151840 0.201286584 0.107586250 0.972818613
10.899213564 -0.756964803 -0.316380411 1.056725025 0.039182302 0.204745740 0.109476455 0.971884191
10.932544493 -0.758032501 -0.317130923 1.058590293 0.039044209 0.210460454 0.112188607 0.970358551
10.965875421 -0.762751639 -0.318868130 1.059179902 0.036416892 0.227105871 0.115059353 0.966363311
10.999206349 -0.763100207 -0.319520712 1.059902072 0.035598140 0.231398985 0.116179407 0.965240717
11.032537278 -0.763458729 -0.319832027 1.060965776 0.035700761 0.235254839 0.118568175 0.964013636
11.065868206 -0.763943613 -0.320465088 1.062137246 0.035258532 0.239828199 0.120965429 0.962604105
11.099199134 -0.764414847 -0.320989758 1.062932611 0.034702338 0.244376913 0.122064710 0.961340666
11.132530063 -0.766724944 -0.322193772 1.063912272 0.033046704 0.253701508 0.124349684 0.958686948
11.165860991 -0.767489433 -0.321975797 1.064493418 0.033886202 0.257876843 0.127582923 0.957117498
11.199191919 -0.767949760 -0.323443979 1.065526247 0.031724267 0.263218135 0.127593875 0.955735147
11.232522848 -0.768444896 -0.324057758 1.067939997 0.032157201 0.268116623 0.131630152 0.953809679
11.265853776 -0.768486321 -0.324905455 1.069475770 0.031573322 0.272709012 0.132667378 0.952382445
11.299184704 -0.768071294 -0.324862689 1.069374204 0.031609368 0.278283358 0.134459808 0.950515509
11.332515633 -0.768014431 -0.325157404 1.070108652 0.031478617 0.281718910 0.137074813 0.949133337
11.365846561 -0.768324614 -0.326180905 1.071882486 0.030661210 0.286916435 0.138299823 0.947423875
11.399177489 -0.767200351 -0.327240020 1.072937846 0.028884690 0.286695302 0.137320980 0.947688997
11.432508418 -0.767983019 -0.327333510 1.075149655 0.029978933 0.291657269 0.141885743 0.945465863
11.465839346 -0.770315528 -0.322654039 1.062014341 0.031164404 0.289223224 0.143340364 0.945955753
11.499170274 -0.770995796 -0.320953995 1.060490251 0.033492755 0.290588826 0.150155798 0.944399118
11.532501203 -0.771080732 -0.320088178 1.057321668 0.033039179 0.292185098 0.148672014 0.944157302
11.565832131 -0.770908713 -0.320345163 1.057705283 0.032721579 0.295403808 0.150275201 0.942912161
11.599163059 -0.771146655 -0.320877761 1.059409261 0.032690976 0.299913347 0.152383864 0.941149533
11.632493987 -0.772241831 -0.320639372 1.058470726 0.032517664 0.305048019 0.155905128 0.938925922
11.665824916 -0.772390306 -0.321882367 1.061001539 0.031693060 0.310306460 0.157482892 0.936965644
11.699155844 -0.772312105 -0.321750224 1.060361266 0.031564713 0.313377589 0.159018382 0.935687602
11.732486772 -0.772734642 -0.321747303 1.060579538 0.031636648 0.317435414 0.160554260 0.934053659
11.765817701 -0.772766113 -0.321998149 1.061039448 0.031533062 0.321137071 0.164682612 0.932070971
11.799148629 -0.772362471 -0.322201878 1.061617732 0.031330366 0.324507952 0.164955050 0.930861354
11.832479557 -0.772234917 -0.322295964 1.061802864 0.031273127 0.327690035 0.167652741 0.929265201
11.865810486 -0.772065163 -0.322329253 1.061993241 0.031273972 0.330428064 0.170012265 0.927865922
11.899141414 -0.772450805 -0.322364569 1.061655045 0.030854475 0.334533006 0.172289029 0.925987124
11.932472342 -0.772229195 -0.322505713 1.062024236 0.030728316 0.337301344 0.175199211 0.924439728
11.965803271 -0.772539914 -0.322365910 1.061607242 0.030664463 0.341007531 0.176577270 0.922818601
11.999134199 -0.772548318 -0.322343826 1.061588764 0.030695705 0.344605178 0.177848622 0.921235561
12.032465127 -0.772737503 -0.322323829 1.061921477 0.030758081 0.347611666 0.180507571 0.919585288
12.065796056 -0.772400916 -0.322430909 1.062275529 0.030689955 0.350907713 0.181602865 0.918118894
12.099126984 -0.771773815 -0.322653323 1.063022852 0.030601412 0.353693664 0.183739543 0.916626513
12.132457912 -0.771839023 -0.322605610 1.062912226 0.030460116 0.357185215 0.184712633 0.915080428
12.165788841 -0.770599246 -0.323303401 1.065051198 0.030458609 0.360114634 0.186653838 0.913537145
12.199119769 -0.770643592 -0.323265672 1.064983249 0.030339476 0.363334686 0.187644511 0.912061930
12.232450697 -0.770727396 -0.323231339 1.064870596 0.030150661 0.366829246 0.188760608 0.910437644
12.265781626 -0.769965649 -0.323462903 1.065815210 0.030242434 0.369595230 0.190069318 0.909042597
12.299112554 -0.770005107 -0.323440909 1.065753937 0.030230565 0.372308165 0.192843214 0.907350123
12.332443482 -0.770042002 -0.323404253 1.065657735 0.030081358 0.375434488 0.193716750 0.905879676
12.365774411 -0.769836187 -0.323651433 1.066201568 0.029707585 0.378036827 0.195765153 0.904368103
12.399105339 -0.770033479 -0.323564321 1.065951586 0.029592805 0.381456465 0.196344942 0.902808964
12.432436267 -0.770172179 -0.323500574 1.065760851 0.029175989 0.384652734 0.196102992 0.901518047
12.465767196 -0.769483745 -0.323837101 1.066745877 0.029079538 0.387182951 0.198626921 0.899883926
12.499098124 -0.769268751 -0.323918521 1.067023039 0.029029392 0.390366256 0.199310839 0.898357749
12.532429052 -0.769265890 -0.323915869 1.067013860 0.028789409 0.393296808 0.200687572 0.896779418
12.565759981 -0.769659281 -0.323737949 1.066457748 0.028414574 0.396728694 0.201107889 0.895184100
12.599090909 -0.769800842 -0.323656410 1.066273570 0.028146962 0.400560230 0.199973628 0.893739283
12.632421837 -0.769856274 -0.323644102 1.066227078 0.027923599 0.403512806 0.201305598 0.892117560
12.665752766 -0.770721614 -0.325019687 1.069025636 0.027227229 0.409957170 0.203177303 0.888770401
12.699083694 -0.770961761 -0.324926645 1.068741322 0.026978385 0.413225263 0.203295544 0.887236118
12.732414622 -0.770859480 -0.324973315 1.068869114 0.026823401 0.415767491 0.204775840 0.885711491
12.765745551 -0.770467162 -0.324330688 1.067608714 0.026829971 0.417441964 0.205295980 0.884802759
12.799076479 -0.770420611 -0.324343383 1.067658782 0.026798779 0.419771433 0.206936449 0.883318245
12.832407407 -0.770692825 -0.324263155 1.067425132 0.026477611 0.422633946 0.207316220 0.881872714
12.865738336 -0.770732939 -0.324247688 1.067385554 0.026359394 0.425459683 0.207392156 0.880498588
12.899069264 -0.770324409 -0.324391514 1.067869067 0.026249748 0.427935690 0.207702741 0.879227817
12.932400192 -0.770091295 -0.324454457 1.068088293 0.026172984 0.429669380 0.209815204 0.877882004
12.965731121 -0.769963086 -0.324503243 1.068245649 0.026043558 0.431881934 0.210516170 0.876631439
12.999062049 -0.770163596 -0.324403971 1.067962646 0.025770901 0.434883326 0.210258737 0.875216305
13.032392977 -0.770324707 -0.324347019 1.067768097 0.025672631 0.437397987 0.210679904 0.873863757
13.065723906 -0.770235896 -0.324389249 1.067898154 0.025560126 0.439153433 0.212411299 0.872566581
13.099054834 -0.770108700 -0.324436247 1.068070173 0.025511438 0.441600025 0.212530211 0.871303320
13.132385762 -0.770134747 -0.324401766 1.067967176 0.025302539 0.443533599 0.213749692 0.870028019
13.165716691 -0.769994557 -0.324461401 1.068168640 0.025261380 0.446289122 0.213894382 0.868583381
13.199047619 -0.769495070 -0.324493736 1.068412185 0.024951978 0.447971761 0.215073273 0.867434323
13.232378547 -0.769874513 -0.324356824 1.067984581 0.024750160 0.450529993 0.215322644 0.866052210
13.265709476 -0.769523621 -0.324488372 1.068427920 0.024696579 0.453595191 0.214428574 0.864674449
13.299040404 -0.769651055 -0.324453652 1.068281054 0.024480045 0.454960108 0.217982039 0.863073528
13.332371332 -0.770023584 -0.324302375 1.067820668 0.024115324 0.457709819 0.216006368 0.862126112
16.698795094 -0.013384053 -0.016185137 0.048072208 -0.000464237 0.000155322 0.000542136 0.999999762
16.732126022 -0.016084218 -0.017678408 0.054047618 -0.000342595 0.000591311 0.000989448 0.999999285
16.765456950 -0.019339627 -0.020121984 0.061264005 -0.000359307 0.001060680 0.000866996 0.999998987
16.798787879 -0.021771392 -0.022325248 0.067497060 -0.000229970 0.001386875 0.000535739 0.999998868
16.832118807 -0.022758670 -0.023904793 0.073009804 -0.000150927 0.001162400 0.000773462 0.999999046
16.865449735 -0.026282972 -0.026351588 0.079915695 -0.000185170 0.001803729 0.000660134 0.999998152
16.898780664 -0.027855108 -0.027765984 0.085522965 -0.000038532 0.001737152 0.001017868 0.999997973
16.932111592 -0.029787494 -0.029283872 0.090848990 -0.000009559 0.001910581 0.001338661 0.999997318
16.965442520 -0.031244040 -0.032085136 0.096960932 -0.000268475 0.001809692 0.000968343 0.999997854
16.998773449 -0.033698518 -0.034098592 0.103551686 -0.000147630 0.002031047 0.000914079 0.999997556
17.032104377 -0.035913628 -0.035720941 0.109318033 -0.000068783 0.002291504 0.001099947 0.999996781
17.065435305 -0.037395533 -0.038086765 0.114298418 -0.000385815 0.002508531 0.000770991 0.999996483
17.098766234 -0.041512486 -0.039956961 0.123047113 -0.000313371 0.003249135 0.001133759 0.999994040
17.132097162 -0.043755930 -0.040602941 0.127484754 0.000189103 0.003556956 0.001528952 0.999992490
17.165428090 -0.047099583 -0.042222589 0.134614483 0.000249276 0.004107166 0.001869266 0.999989808
17.198759019 -0.048949245 -0.043828934 0.140132055 0.000406789 0.004132595 0.001798219 0.999989748
17.232089947 -0.048069507 -0.047418684 0.145020753 -0.000325599 0.003245164 0.000936160 0.999994278
17.265420875 -0.049245954 -0.048925977 0.150876403 -0.000161612 0.003041024 0.001321424 0.999994516
17.298751804 -0.052077539 -0.051192045 0.157762587 -0.000180106 0.003341912 0.001304809 0.999993563
17.332082732 -0.053480707 -0.053079668 0.163581803 -0.000132034 0.003285229 0.001285053 0.999993801
17.365413660 -0.055913102 -0.055096138 0.170289993 0.000001733 0.003509016 0.001332028 0.999992967
17.398744589 -0.058148392 -0.057589713 0.176063910 -0.000158397 0.003762292 0.000936391 0.999992490
17.432075517 -0.060340770 -0.059351236 0.182463080 0.000034139 0.003855944 0.001109437 0.999991953
17.465406445 -0.061628543 -0.062160179 0.187719047 -0.000321610 0.003824529 0.000645493 0.999992430
17.498737374 -0.063353904 -0.063754626 0.194155276 -0.000171014 0.003744029 0.000938951 0.999992549
17.532068302 -0.065112971 -0.065719165 0.199909061 -0.000213586 0.003812330 0.000982680 0.999992251
17.565399230 -0.066737190 -0.067596711 0.205863580 -0.000100372 0.003828731 0.000888695 0.999992311
17.598730159 -0.068146862 -0.069258019 0.211088389 -0.000018535 0.003819281 0.000847123 0.999992371
17.632061087 -0.070412725 -0.071564212 0.217307448 -0.000178768 0.004060163 0.000969644 0.999991298
17.665392015 -0.072615445 -0.073372290 0.224143118 0.000029706 0.004150412 0.000921396 0.999991000
17.698722944 -0.074473105 -0.075591967 0.230181739 0.000041406 0.004258661 0.000716004 0.999990702
17.732053872 -0.076566435 -0.078290857 0.236461878 -0.000159251 0.004475619 0.000438127 0.999989867
17.765384800 -0.078885153 -0.079698533 0.242589191 -0.000001096 0.004645395 0.000905332 0.999988794
17.798715729 -0.080355018 -0.081504047 0.248808697 0.000062130 0.004490181 0.001009227 0.999989450
17.832046657 -0.082909591 -0.083641909 0.255208313 0.000077942 0.004849351 0.001063454 0.999987662
17.865377585 -0.086279929 -0.086258121 0.262135059 -0.000305474 0.005411394 0.001087749 0.999984741
17.898708514 -0.086286940 -0.087545797 0.266575396 0.000014645 0.005029744 0.000974563 0.999986887
17.932039442 -0.097981684 -0.089522272 0.280799806 -0.000218251 0.008384048 0.002702098 0.999961197
17.965370370 -0.090869591 -0.092088819 0.280101627 0.000515049 0.005642812 0.000973586 0.999983490
17.998701299 -0.092715696 -0.094229706 0.286772609 0.000420079 0.005581250 0.001148214 0.999983668
18.032032227 -0.095383912 -0.096393429 0.293168724 0.000503305 0.006071249 0.001052853 0.999980927
18.065363155 -0.097116143 -0.098210670 0.299600601 0.000663885 0.006032102 0.001067562 0.999981046
18.098694084 -0.099215806 -0.100533023 0.306296051 0.000583451 0.006075437 0.001033200 0.999980867
18.132025012 -0.102523841 -0.102743149 0.313742548 0.000687255 0.006670798 0.001010387 0.999976993
18.165355940 -0.104361355 -0.105021439 0.320384651 0.000666799 0.006675858 0.000942736 0.999977052
18.198686869 -0.105821081 -0.107326396 0.327310711 0.000627869 0.006448627 0.000871511 0.999978662
18.232017797 -0.108023956 -0.109598480 0.334211349 0.000643854 0.006621983 0.000779441 0.999977589
18.265348725 -0.110677533 -0.111445859 0.341189682 0.000796922 0.006884055 0.000894861 0.999975622
18.298679654 -0.111491278 -0.113997214 0.347144306 0.000580001 0.006706258 0.000734324 0.999977052
18.332010582 -0.114252098 -0.116398722 0.354154408 0.000409341 0.006994881 0.000801360 0.999975145
18.365341510 -0.116868667 -0.118939787 0.361310244 0.000218404 0.007353469 0.000701278 0.999972701
18.398672439 -0.118429758 -0.121243887 0.366949081 0.000186988 0.007592967 0.000487470 0.999971032
18.432003367 -0.121074341 -0.123458885 0.374201775 0.000263990 0.007848319 0.000668287 0.999968946
18.465334295 -0.122867614 -0.125769034 0.380551875 0.000174847 0.007856445 0.000554338 0.999968946
18.498665224 -0.125184372 -0.127763703 0.387839049 0.000386528 0.007970263 0.000491024 0.999968052
18.531996152 -0.127043962 -0.130155772 0.394160300 0.000248490 0.007999934 0.000391754 0.999967873
18.565327080 -0.129413828 -0.132210433 0.401161581 0.000367977 0.008110438 0.000546674 0.999966919
18.598658009 -0.132091075 -0.133930892 0.407780617 0.000621109 0.008452852 0.000833242 0.999963760
18.631988937 -0.134254113 -0.136568844 0.414485008 0.000432586 0.008562694 0.000659803 0.999963045
18.665319865 -0.136430994 -0.139067441 0.420874983 0.000354788 0.008727735 0.000488358 0.999961734
18.698650794 -0.138973534 -0.140735522 0.427931786 0.000607299 0.008901147 0.000776016 0.999959946
18.731981722 -0.141220197 -0.142327920 0.434609741 0.000885373 0.009056524 0.000930604 0.999958158
18.765312650 -0.143236399 -0.145452753 0.441323906 0.000581478 0.009074452 0.000632743 0.999958456
18.798643579 -0.146406621 -0.147664696 0.448852181 0.000579596 0.009425334 0.000898760 0.999955058
18.831974507 -0.148471728 -0.149892330 0.455393225 0.000652813 0.009485722 0.000867842 0.999954402
18.865305435 -0.150806412 -0.152314663 0.462898731 0.000716721 0.009403463 0.000761089 0.999955237
18.898636364 -0.153561771 -0.154206529 0.469190747 0.000791492 0.009809271 0.000969134 0.999951124
18.931967292 -0.155913606 -0.156489953 0.475977719 0.000808646 0.009834255 0.001129734 0.999950707
18.965298220 -0.158499375 -0.158560261 0.483136386 0.001042503 0.010091529 0.000965237 0.999948084
18.998629149 -0.161089391 -0.160977527 0.490046471 0.000933951 0.010065041 0.001081284 0.999948323
19.031960077 -0.164146155 -0.163511023 0.497406691 0.000862109 0.010430395 0.001019826 0.999944746
19.065291005 -0.166693777 -0.165594026 0.504373372 0.001023683 0.010626794 0.001158542 0.999942362
19.098621934 -0.169048637 -0.167990983 0.510737300 0.001012213 0.010881345 0.000911305 0.999939919
19.131952862 -0.171357617 -0.169650406 0.517637610 0.001167916 0.010802039 0.001165560 0.999940276
19.165283790 -0.173526436 -0.171709910 0.523262799 0.001088561 0.011024396 0.001238520 0.999937892
19.198614719 -0.175840691 -0.173845097 0.530315876 0.001284528 0.011104969 0.000942132 0.999937057
19.231945647 -0.178144529 -0.176159978 0.536125124 0.000966244 0.011266735 0.001371106 0.999935150
19.265276575 -0.180123493 -0.178610757 0.542460918 0.000773149 0.011207689 0.001255898 0.999936163
19.298607504 -0.182414204 -0.180361614 0.548747420 0.000927639 0.011298014 0.001422293 0.999934733
19.331938432 -0.185001925 -0.182465285 0.555455148 0.000880742 0.011598032 0.001343248 0.999931455
19.365269360 -0.186985880 -0.184498355 0.561597645 0.000969353 0.011657147 0.001227613 0.999930859
19.398600289 -0.188916355 -0.186969191 0.568165004 0.000753268 0.011554016 0.001217459 0.999932230
19.431931217 -0.191301599 -0.189236358 0.574531257 0.000670460 0.011688235 0.001238470 0.999930739
19.465262145 -0.193448618 -0.191474557 0.580948651 0.000468028 0.011669642 0.001201339 0.999931097
19.498593074 -0.195346057 -0.193361714 0.586508572 0.000595033 0.011729897 0.001330590 0.999930143
19.531924002 -0.197139993 -0.195681393 0.593911529 0.000406301 0.011548108 0.001695533 0.999931812
19.565254930 -0.199653462 -0.197697848 0.599046111 0.000443987 0.012143426 0.001109322 0.999925554
19.598585859 -0.201374397 -0.199537858 0.605155110 0.000525930 0.012083538 0.001144829 0.999926209
19.631916787 -0.203620538 -0.201582432 0.612053514 0.000692015 0.012237657 0.000968622 0.999924421
19.665247715 -0.205494151 -0.203697085 0.618237436 0.000571628 0.012204905 0.000971973 0.999924898
19.698578644 -0.207867473 -0.205997795 0.624843419 0.000638153 0.012465132 0.000761694 0.999921799
19.731909572 -0.210467115 -0.207757056 0.630667567 0.000672810 0.012898656 0.001131993 0.999915957
19.765240500 -0.212733984 -0.210181773 0.637794316 0.000610524 0.012923541 0.001006254 0.999915838
19.798571429 -0.215005010 -0.212059125 0.644395530 0.000927082 0.013138860 0.000843379 0.999912918
19.831902357 -0.216815978 -0.214590192 0.651393414 0.000757228 0.012920611 0.000617449 0.999916077
19.865233285 -0.219467714 -0.216576681 0.657840431 0.000883863 0.013278090 0.000738954 0.999911189
19.898564214 -0.221717283 -0.218927652 0.664830208 0.000764023 0.013243382 0.000776130 0.999911726
19.931895142 -0.223888367 -0.221205801 0.671618104 0.000809472 0.013206811 0.000526097 0.999912322
19.965226070 -0.226262555 -0.223364130 0.678049803 0.000765160 0.013480088 0.000491477 0.999908745
19.998556999 -0.228122294 -0.225178629 0.684580743 0.001000496 0.013229516 0.000494576 0.999911904
20.031887927 -0.230181843 -0.227118656 0.690590143 0.001002943 0.013277176 0.000294694 0.999911308
20.065218855 -0.232445315 -0.229279384 0.696412742 0.000860936 0.013597895 0.000262411 0.999907136
20.098549784 -0.234044477 -0.231211856 0.702029943 0.000804182 0.013367925 0.000072749 0.999910355
20.131880712 -0.235775426 -0.232876837 0.707916737 0.000976905 0.013252500 0.000187156 0.999911666
20.165211640 -0.237667516 -0.234718800 0.713702440 0.001029787 0.013327894 -0.000018967 0.999910653
20.198542569 -0.239064559 -0.236401200 0.719061077 0.001262329 0.013103656 -0.000073238 0.999913335
20.231873497 -0.240922540 -0.238430724 0.724448323 0.000352114 0.012952622 0.000164651 0.999916017
20.265204425 -0.242832363 -0.240046054 0.730056763 0.000666166 0.013008098 0.000081339 0.999915183
20.298535354 -0.244496047 -0.241822302 0.735319436 0.000528772 0.012952232 -0.000049931 0.999915957
20.331866282 -0.246335864 -0.243543848 0.740381300 0.000546376 0.012884786 -0.000288713 0.999916852
20.365197210 -0.248075306 -0.245229229 0.745408416 0.000355706 0.012727464 -0.000214409 0.999918938
20.398528139 -0.249540269 -0.246889263 0.750640273 0.000269400 0.012435404 -0.000148129 0.999922633
20.431859067 -0.251151472 -0.248278603 0.755506098 0.000405169 0.012377995 -0.000234894 0.999923289
20.465189995 -0.253304869 -0.249875069 0.760798156 0.000556286 0.012579730 -0.000437683 0.999920666
20.498520924 -0.254549861 -0.251485944 0.765325785 0.000486212 0.012298262 -0.000700548 0.999924004
20.531851852 -0.256325662 -0.252899975 0.770371020 0.000605124 0.012209240 -0.000519765 0.999925137
20.565182780 -0.257880718 -0.254633486 0.775650799 0.000504399 0.011797600 -0.000527659 0.999930143
20.598513709 -0.259745210 -0.256155670 0.780744076 0.000651645 0.011736127 -0.000760905 0.999930620
20.631844637 -0.261583298 -0.257999897 0.786145627 0.000494760 0.011525188 -0.000809439 0.999933124
20.665175565 -0.263349175 -0.259375811 0.791062474 0.000817490 0.011588113 -0.001105068 0.999931931
20.698506494 -0.264901191 -0.261000037 0.796579540 0.000874912 0.011128783 -0.001052574 0.999937177
20.731837422 -0.266667753 -0.262712508 0.801551938 0.000765255 0.011019720 -0.001103179 0.999938428
20.765168350 -0.268576235 -0.264393717 0.806623876 0.000763223 0.011006396 -0.001223049 0.999938428
20.798499278 -0.270198941 -0.265884787 0.811360717 0.000670199 0.010838647 -0.000867974 0.999940693
20.831830207 -0.271993309 -0.267463863 0.816984355 0.000859659 0.010515671 -0.001168181 0.999943674
20.865161135 -0.274050951 -0.268905282 0.821940482 0.001000123 0.010734891 -0.001438646 0.999940872
20.898492063 -0.275862753 -0.271016061 0.827900231 0.000640032 0.010007815 -0.001250930 0.999948978
20.931822992 -0.277485967 -0.272645265 0.832642257 0.000519399 0.009711273 -0.000928659 0.999952316
20.965153920 -0.279692620 -0.274646193 0.837935746 0.000259568 0.009683347 -0.001103743 0.999952495
20.998484848 -0.281640053 -0.275975287 0.843188643 0.000636254 0.009534990 -0.001097576 0.999953747
21.031815777 -0.283845425 -0.277734846 0.848528862 0.000836692 0.009631015 -0.001553684 0.999952078
21.065146705 -0.285698175 -0.279414326 0.853838146 0.000754881 0.009297671 -0.001585711 0.999955237
21.098477633 -0.287463635 -0.281043947 0.858405828 0.000679699 0.009211564 -0.001658513 0.999955952
21.131808562 -0.289299101 -0.282645792 0.863468945 0.000569635 0.009094838 -0.001177206 0.999957800
21.165139490 -0.291413218 -0.284183294 0.868458331 0.000728899 0.009187968 -0.001345272 0.999956667
21.198470418 -0.293374360 -0.285918683 0.873857081 0.000599849 0.008869946 -0.001153192 0.999959826
21.231801347 -0.295428962 -0.287380844 0.879001737 0.001026291 0.008958597 -0.001485341 0.999958277
21.265132275 -0.296946019 -0.289311290 0.883772731 0.000357505 0.008537337 -0.001061196 0.999962926
21.298463203 -0.298991293 -0.290917307 0.888677239 0.000364780 0.008498568 -0.001048756 0.999963284
21.331794132 -0.300818384 -0.292736024 0.893863559 0.000190671 0.008188492 -0.001158678 0.999965787
21.365125060 -0.302642465 -0.294163078 0.898538053 0.000281463 0.008153678 -0.001213968 0.999966025
21.398455988 -0.304559529 -0.295713335 0.903528690 0.000476122 0.008016516 -0.001458768 0.999966681
21.431786917 -0.306301951 -0.297113150 0.907725811 0.000412762 0.008207747 -0.001044065 0.999965727
21.465117845 -0.308043331 -0.298862189 0.912596762 -0.000037915 0.007914894 -0.000724652 0.999968410
21.498448773 -0.309574902 -0.300257683 0.916597366 -0.000138381 0.007847387 -0.000755787 0.999968946
21.531779702 -0.311211914 -0.301493555 0.920877874 0.000163695 0.007799655 -0.001047398 0.999969006
21.565110630 -0.312569290 -0.302934378 0.924925268 -0.000119458 0.007609398 -0.000765189 0.999970794
21.598441558 -0.314057678 -0.304319531 0.928882539 -0.000131740 0.007693532 -0.001012417 0.999969900
21.631772487 -0.315323293 -0.305498809 0.933339059 0.000161404 0.007458689 -0.001039615 0.999971628
21.665103415 -0.316680998 -0.306828022 0.937181294 0.000148016 0.007677281 -0.000983156 0.999970019
21.698434343 -0.317727536 -0.308356881 0.941690803 0.000098004 0.007481004 -0.001206941 0.999971271
21.731765272 -0.318624437 -0.309619755 0.945570469 0.000154214 0.007608583 -0.001212036 0.999970317
21.765096200 -0.319345981 -0.311018229 0.949919045 0.000166343 0.007529073 -0.001461762 0.999970615
21.798427128 -0.320338130 -0.312142640 0.953454316 0.000335960 0.008234912 -0.001277161 0.999965250
21.831758057 -0.321240038 -0.313261032 0.957055509 0.000502715 0.008527229 -0.001329202 0.999962628
21.865088985 -0.321967930 -0.314632267 0.960713565 0.000310903 0.008517369 -0.001150339 0.999963045
21.898419913 -0.322724700 -0.315803617 0.964321434 0.000505993 0.008629316 -0.001322288 0.999961793
21.931750842 -0.323581755 -0.317035526 0.967999160 0.000279622 0.008575849 -0.001225893 0.999962449
21.965081770 -0.324504614 -0.318401128 0.971443892 -0.000239626 0.008625047 -0.000674888 0.999962568
21.998412698 -0.325267315 -0.319327325 0.974441350 -0.000127756 0.008805508 -0.000792130 0.999960899
22.031743627 -0.325935006 -0.320397109 0.977831960 -0.000057297 0.008833919 -0.000933858 0.999960542
22.065074555 -0.326450884 -0.321272582 0.980501413 0.000018116 0.008901928 -0.000854464 0.999960065
22.098405483 -0.327012956 -0.322125673 0.983178377 0.000128602 0.009183987 -0.000945370 0.999957383
22.131736412 -0.327349782 -0.322875589 0.985253513 -0.000139102 0.008938229 -0.000565399 0.999959886
22.165067340 -0.328984082 -0.324020565 0.988838196 -0.000120654 0.009889617 -0.000096700 0.999951124
22.198398268 -0.329384476 -0.324498564 0.990498245 0.000032002 0.009831185 -0.000429099 0.999951601
22.231729197 -0.329656899 -0.324850500 0.991518021 -0.000074923 0.009754275 0.000004663 0.999952435
22.265060125 -0.329753071 -0.325121820 0.992243886 -0.000070580 0.009793522 -0.000240967 0.999952018
22.298391053 -0.329817414 -0.325189471 0.992468238 -0.000000533 0.010047787 -0.000057554 0.999949515
22.331721982 -0.329287469 -0.324992776 0.991796851 -0.000188640 0.009662338 -0.000179391 0.999953330
22.365052910 -0.329487711 -0.325172335 0.992421031 -0.000366972 0.009655639 -0.000076428 0.999953330
22.398383838 -0.329720229 -0.325173795 0.992794216 -0.000140896 0.009975197 -0.000254912 0.999950230
22.431714767 -0.329777300 -0.325343877 0.993122518 -0.000453127 0.009954320 0.000017337 0.999950409
22.465045695 -0.329868317 -0.325433761 0.993532658 -0.000402595 0.010054238 0.000124276 0.999949396
22.498376623 -0.329960376 -0.325550079 0.993738294 -0.000546521 0.010226561 0.000290473 0.999947548
22.531707552 -0.330119014 -0.325605065 0.994075179 -0.000442932 0.010360648 0.000325960 0.999946177
22.565038480 -0.330292225 -0.325693548 0.994526505 -0.000455587 0.010444074 0.000459527 0.999945283
22.598369408 -0.330381155 -0.325748116 0.994773924 -0.000346743 0.010661928 0.000382072 0.999943078
22.631700337 -0.330423921 -0.325934798 0.995136917 -0.000602182 0.010598185 0.000608866 0.999943495
22.665031265 -0.330535650 -0.325993061 0.995392680 -0.000550241 0.010855699 0.000694683 0.999940693
22.698362193 -0.330583453 -0.326142848 0.995742261 -0.000751219 0.010838097 0.000949263 0.999940515
22.731693122 -0.330657691 -0.326233268 0.996097505 -0.000719600 0.010854558 0.000992779 0.999940336
22.765024050 -0.330778480 -0.326407075 0.996347249 -0.000919401 0.011040802 0.001194817 0.999937952
22.798354978 -0.330947757 -0.326544970 0.997061908 -0.000740777 0.011125188 0.001105166 0.999937236
22.831685907 -0.331131548 -0.326734811 0.997643888 -0.000752348 0.011299608 0.001218424 0.999935150
22.865016835 -0.331167430 -0.326953918 0.998223364 -0.000822395 0.011214172 0.001210675 0.999936044
22.898347763 -0.331303805 -0.327183396 0.998843312 -0.000901021 0.011409274 0.001403975 0.999933541
22.931678692 -0.331365287 -0.327391267 0.999550462 -0.000871446 0.011382497 0.001400394 0.999933839
22.965009620 -0.331564456 -0.327648371 1.000375152 -0.000806458 0.011512741 0.001210456 0.999932706
22.998340548 -0.331720740 -0.327805698 1.000771284 -0.000835820 0.011728388 0.001325175 0.999930024
23.031671477 -0.331782371 -0.327942401 1.001226902 -0.000741496 0.011797289 0.001244250 0.999929368
23.065002405 -0.331849247 -0.328071326 1.001777768 -0.000739484 0.011798643 0.001342493 0.999929249
