16.432148 0.0000000 0.0000000 0.0000000 -0.0000000 -0.0000000 -0.0000000 1.0000000
16.698795 -0.0151810 -0.0159168 0.0475499 -0.0002866 0.0009196 0.0001974 0.9999995
16.765457 -0.0199765 -0.0202598 0.0603324 -0.0002969 0.0014360 0.0001092 0.9999989
16.832119 -0.0229409 -0.0240598 0.0720913 -0.0002046 0.0013423 0.0001286 0.9999991
16.865450 -0.0250565 -0.0262117 0.0783009 -0.0002054 0.0015240 0.0001365 0.9999988
17.132097 -0.0408931 -0.0415972 0.1256217 -0.0004209 0.0025530 0.0004801 0.9999965
17.398745 -0.0564877 -0.0577183 0.1746289 -0.0003937 0.0032007 0.0005239 0.9999947
17.465406 -0.0600580 -0.0616649 0.1865047 -0.0003461 0.0032407 0.0006446 0.9999945
17.598730 -0.0680599 -0.0697726 0.2110821 -0.0003232 0.0037856 0.0006147 0.9999926
17.898709 -0.0858044 -0.0876091 0.2658408 -0.0001311 0.0049517 0.0008046 0.9999874
18.198687 -0.1055928 -0.1069211 0.3266460 0.0006933 0.0065129 0.0010082 0.9999781
18.498665 -0.1251996 -0.1272270 0.3871155 0.0004390 0.0081387 0.0009429 0.9999664
18.598658 -0.1317929 -0.1339848 0.4074439 0.0004253 0.0084556 0.0011280 0.9999635
18.698651 -0.1382134 -0.1408771 0.4270916 0.0003129 0.0087821 0.0009881 0.9999609
19.031960 -0.1628684 -0.1641660 0.4976677 0.0003545 0.0098315 0.0014183 0.9999506
19.231946 -0.1767631 -0.1768641 0.5360603 0.0003735 0.0106560 0.0017743 0.9999416
19.331938 -0.1838617 -0.1831377 0.5553403 0.0003560 0.0111102 0.0017319 0.9999368
19.465262 -0.1926476 -0.1914952 0.5807408 0.0002458 0.0114218 0.0018786 0.9999330
19.598586 -0.2010192 -0.1996792 0.6050556 0.0002090 0.0120455 0.0018709 0.9999257
19.731910 -0.2098931 -0.2079058 0.6305656 0.0003251 0.0127700 0.0018406 0.9999167
19.865233 -0.2188167 -0.2168738 0.6576796 0.0003156 0.0130403 0.0017824 0.9999133
19.998557 -0.2277448 -0.2252415 0.6840241 0.0005189 0.0132990 0.0016791 0.9999101
20.131881 -0.2352589 -0.2332011 0.7074082 0.0002786 0.0132134 0.0013849 0.9999117
20.265204 -0.2426253 -0.2402417 0.7296370 0.0000604 0.0131747 0.0012901 0.9999124
20.398528 -0.2494058 -0.2467238 0.7499799 -0.0000403 0.0127543 0.0011160 0.9999180
20.531852 -0.2562412 -0.2529705 0.7698807 0.0001261 0.0124813 0.0006738 0.9999219
20.665176 -0.2633004 -0.2594971 0.7902696 0.0000448 0.0119285 0.0005374 0.9999287
20.798499 -0.2704282 -0.2659115 0.8105380 0.0001093 0.0114588 0.0003972 0.9999343
20.965154 -0.2800940 -0.2746490 0.8375664 -0.0000807 0.0103811 -0.0000509 0.9999461
21.131809 -0.2897107 -0.2827885 0.8636457 0.0003064 0.0095417 -0.0005806 0.9999543
21.298463 -0.2995306 -0.2909530 0.8889175 0.0003256 0.0090792 -0.0007415 0.9999585
21.465118 -0.3086382 -0.2988901 0.9128349 0.0000680 0.0085316 -0.0007322 0.9999633
21.631772 -0.3160600 -0.3057086 0.9338567 0.0001335 0.0081171 -0.0010374 0.9999666
21.798427 -0.3209133 -0.3124047 0.9543161 0.0002849 0.0084753 -0.0012565 0.9999633
21.998413 -0.3258692 -0.3195380 0.9755510 0.0000816 0.0090568 -0.0010077 0.9999585
22.165067 -0.3284316 -0.3237974 0.9882851 -0.0000270 0.0092640 -0.0008044 0.9999568
22.331722 -0.3294333 -0.3251939 0.9924460 -0.0002142 0.0095295 -0.0003478 0.9999545
22.498377 -0.3300996 -0.3257880 0.9942692 -0.0007935 0.0100567 0.0002170 0.9999491
22.665031 -0.3306184 -0.3261280 0.9957776 -0.0005971 0.0107407 0.0004875 0.9999421
22.831686 -0.3312196 -0.3267361 0.9977136 -0.0006819 0.0113900 0.0010414 0.9999344
22.998341 -0.3317327 -0.3277479 1.0008870 -0.0005983 0.0117182 0.0011493 0.9999305
