# ORB-SLAM3 monocular per-frame trajectory, TUM format
# timestamp tx ty tz qx qy qz qw   (Twc: camera-to-world)
9.902194357 -0.037685975 -0.014446723 0.125202194 0.002955851 0.008550426 0.005576255 0.999943554
9.935423197 -0.039950334 -0.016543470 0.130542293 0.002338219 0.008836731 0.005657334 0.999942243
9.968652038 -0.042925380 -0.017345596 0.136664957 0.002350506 0.009221586 0.006083954 0.999936223
10.001880878 -0.043127082 -0.019439369 0.142367363 0.001791812 0.008372118 0.006128598 0.999944568
10.035109718 -0.044345107 -0.020131025 0.148519799 0.001881536 0.007958358 0.006235154 0.999947131
10.068338558 -0.048226181 -0.023269128 0.150714859 0.000410647 0.009508817 0.006170270 0.999935687
10.101567398 -0.048808403 -0.024962666 0.155848563 -0.000261043 0.008747479 0.006638937 0.999939680
10.134796238 -0.050862100 -0.025897695 0.161496356 -0.000264333 0.008826273 0.006584086 0.999939382
10.168025078 -0.052304793 -0.026479054 0.167180836 -0.000043838 0.008463817 0.006703259 0.999941707
10.201253918 -0.054746456 -0.027606130 0.172485471 -0.000319529 0.008581690 0.007143976 0.999937594
10.234482759 -0.056519642 -0.028682521 0.178457633 -0.000343045 0.008258536 0.007158879 0.999940217
10.267711599 -0.058487739 -0.029079009 0.183619246 0.000023164 0.008293184 0.007219497 0.999939561
10.300940439 -0.060518499 -0.029533690 0.188153386 0.000509114 0.008507934 0.006657517 0.999941528
10.334169279 -0.062490448 -0.031766906 0.196299434 -0.000230872 0.007540497 0.007085328 0.999946475
10.367398119 -0.064456172 -0.032446168 0.201605260 -0.000085431 0.007354339 0.007104828 0.999947727
10.400626959 -0.066488758 -0.033263341 0.206731617 -0.000092293 0.007255681 0.007211808 0.999947667
10.433855799 -0.068343736 -0.034208264 0.212595716 0.000087083 0.006863117 0.006969378 0.999952197
10.467084639 -0.069629975 -0.035531495 0.217888519 -0.000353362 0.006087418 0.007261693 0.999955058
10.500313480 -0.071385138 -0.036343828 0.223189011 -0.000198439 0.005662248 0.006976376 0.999959648
10.533542320 -0.072953254 -0.037291195 0.228094056 -0.000342782 0.005158762 0.007268440 0.999960244
10.566771160 -0.074663982 -0.038186822 0.233314946 -0.000481921 0.004499244 0.007322976 0.999962926
