9.171160 0.0000000 0.0000000 0.0000000 -0.0000000 -0.0000000 -0.0000000 1.0000000
9.902194 -0.0397149 -0.0182777 0.1195250 0.0008703 0.0107916 0.0046629 0.9999306
9.968652 -0.0432554 -0.0204488 0.1314516 0.0006259 0.0106234 0.0051646 0.9999301
10.035110 -0.0467346 -0.0223991 0.1425481 0.0004900 0.0105626 0.0054088 0.9999295
10.068339 -0.0484418 -0.0232009 0.1481103 0.0005674 0.0104690 0.0054429 0.9999303
10.168025 -0.0537296 -0.0262670 0.1652478 0.0002285 0.0099016 0.0061570 0.9999320
10.201254 -0.0555608 -0.0272861 0.1709540 0.0001981 0.0097154 0.0063186 0.9999328
10.267712 -0.0590525 -0.0292085 0.1821003 0.0000759 0.0091698 0.0067090 0.9999354
10.334169 -0.0627302 -0.0311194 0.1937716 0.0002164 0.0085936 0.0064815 0.9999421
10.400627 -0.0662854 -0.0330881 0.2050812 -0.0000763 0.0076937 0.0070134 0.9999458
10.467085 -0.0697070 -0.0350635 0.2163566 -0.0001093 0.0066995 0.0070222 0.9999529
10.533542 -0.0731781 -0.0368932 0.2274431 -0.0000443 0.0055548 0.0071085 0.9999593
