# ORB-SLAM3 monocular per-frame trajectory, TUM format
# timestamp tx ty tz qx qy qz qw   (Twc: camera-to-world)
2.337096774 -0.018589197 -0.016409718 0.061254662 -0.000105614 0.000163135 0.000245375 1.000000000
2.370483871 -0.020657172 -0.017411938 0.067133397 0.000127626 0.000302839 0.000257595 0.999999940
2.403870968 -0.021807648 -0.019066311 0.071810737 0.000020906 0.000252499 0.000247179 0.999999940
2.437258065 -0.023418907 -0.020628702 0.078057200 -0.000090932 0.000065311 0.000399832 0.999999940
2.470645161 -0.025132595 -0.022425758 0.084347822 -0.000222574 -0.000078764 0.000464818 0.999999881
2.504032258 -0.027102213 -0.023687175 0.090332225 -0.000021777 0.000023213 0.000289404 1.000000000
2.537419355 -0.028924637 -0.025142241 0.095901467 -0.000023451 0.000092719 0.000252157 1.000000000
2.570806452 -0.030654458 -0.026484791 0.102466196 0.000130407 -0.000072650 0.000374785 0.999999940
2.604193548 -0.032453321 -0.027793739 0.107849531 0.000060339 0.000069314 0.000579581 0.999999821
2.637580645 -0.033930391 -0.029143607 0.113086402 0.000130608 0.000103393 0.000381488 0.999999940
2.670967742 -0.035236910 -0.031121882 0.119063847 -0.000156385 -0.000102138 0.000320792 0.999999940
2.704354839 -0.036983140 -0.032358434 0.124216788 -0.000089375 0.000093526 0.000358178 0.999999940
2.737741935 -0.038532440 -0.034019433 0.130398050 -0.000188405 0.000004257 0.000485627 0.999999881
2.771129032 -0.039969005 -0.035475783 0.136166379 -0.000130925 -0.000041482 0.000301290 0.999999940
2.804516129 -0.041901622 -0.036813371 0.141918063 -0.000034977 0.000037237 0.000280091 1.000000000
2.837903226 -0.043223809 -0.038233027 0.147539422 -0.000052290 -0.000151145 0.000286882 1.000000000
2.871290323 -0.044666905 -0.040109508 0.153566167 -0.000158271 -0.000318007 0.000187342 0.999999940
2.904677419 -0.046627551 -0.041319337 0.159589633 0.000064415 -0.000188590 0.000199789 0.999999940
2.938064516 -0.048328336 -0.042888008 0.165466413 -0.000122412 -0.000230879 0.000421944 0.999999881
2.971451613 -0.050199267 -0.044270366 0.171115920 0.000014274 -0.000162547 0.000371946 0.999999940
3.004838710 -0.051791288 -0.045931060 0.177290097 0.000022484 -0.000347354 0.000210271 0.999999940
3.038225806 -0.053332809 -0.047559883 0.183057889 -0.000059192 -0.000456015 0.000224229 0.999999881
3.071612903 -0.055174399 -0.049080353 0.189157799 -0.000013876 -0.000451052 0.000102344 0.999999940
3.105000000 -0.056850336 -0.050528895 0.195267141 -0.000005906 -0.000613917 0.000166371 0.999999821
3.138387097 -0.058491409 -0.051977880 0.200608194 0.000002908 -0.000658492 0.000221903 0.999999762
3.171774194 -0.060190517 -0.053431273 0.206727639 0.000018345 -0.000836629 0.000274383 0.999999642
3.205161290 -0.061829302 -0.054969780 0.212223813 -0.000141824 -0.000950879 0.000248355 0.999999523
3.238548387 -0.063495390 -0.056422971 0.217502832 -0.000044775 -0.000948881 -0.000010235 0.999999583
3.271935484 -0.064861864 -0.057891995 0.223169535 0.000037408 -0.001195707 -0.000317950 0.999999225
3.305322581 -0.066693701 -0.059149679 0.228798524 0.000236318 -0.001145635 -0.000421235 0.999999225
3.338709677 -0.068340234 -0.060427286 0.234241381 0.000224937 -0.001223612 -0.000382899 0.999999166
3.372096774 -0.069888033 -0.061848901 0.239760324 0.000246727 -0.001265175 -0.000492586 0.999999046
3.405483871 -0.071216278 -0.063186206 0.244640261 0.000137222 -0.001361442 -0.000243592 0.999999046
3.438870968 -0.072834469 -0.064559191 0.249717161 0.000180079 -0.001300282 -0.000540307 0.999999046
3.472258065 -0.074515931 -0.065907128 0.255176991 0.000303011 -0.001299622 -0.000559796 0.999998987
3.505645161 -0.075752504 -0.067358725 0.260283947 0.000209573 -0.001418109 -0.000612335 0.999998808
3.539032258 -0.077428192 -0.068634972 0.265543550 0.000148486 -0.001435693 -0.000518307 0.999998808
3.572419355 -0.078961797 -0.070024535 0.271621794 0.000305142 -0.001575151 -0.000819781 0.999998391
3.605806452 -0.080260597 -0.071556404 0.275796592 0.000219712 -0.001516670 -0.000965194 0.999998391
3.639193548 -0.081850238 -0.072732538 0.281819403 0.000334006 -0.001645894 -0.000867792 0.999998212
3.672580645 -0.082902402 -0.074394867 0.286527276 0.000075501 -0.001781863 -0.000873724 0.999998033
3.705967742 -0.084449254 -0.075671047 0.291342854 0.000041401 -0.001739164 -0.000823424 0.999998152
3.739354839 -0.085998625 -0.076803021 0.296188772 0.000114089 -0.001661383 -0.000887176 0.999998271
3.772741935 -0.087297462 -0.078184709 0.301161289 -0.000020247 -0.001811451 -0.000757768 0.999998093
3.806129032 -0.088605143 -0.079311728 0.305398285 0.000090303 -0.001648676 -0.001158419 0.999997973
3.839516129 -0.090454832 -0.080564424 0.311002403 0.000135161 -0.001577068 -0.000977571 0.999998271
3.872903226 -0.091659792 -0.082114965 0.315860063 0.000004350 -0.001608705 -0.000983967 0.999998271
3.906290323 -0.093050450 -0.083247289 0.320589483 -0.000007325 -0.001457472 -0.000979538 0.999998450
3.939677419 -0.094480589 -0.084558465 0.325509280 0.000027860 -0.001368154 -0.001029476 0.999998569
3.973064516 -0.095795088 -0.085905463 0.330030471 -0.000068772 -0.001274199 -0.000878797 0.999998808
4.006451613 -0.097167723 -0.087211438 0.335597068 0.000050809 -0.001194238 -0.001057713 0.999998748
4.039838710 -0.098406732 -0.088561967 0.340344936 0.000095331 -0.001252270 -0.001269313 0.999998450
4.073225806 -0.100045234 -0.089800633 0.345360190 0.000111836 -0.001070425 -0.001287399 0.999998629
4.106612903 -0.101309754 -0.091555409 0.350880593 -0.000005470 -0.001244179 -0.001261951 0.999998450
4.140000000 -0.103194177 -0.092933036 0.355181843 -0.000004296 -0.000872096 -0.001384582 0.999998689
4.173387097 -0.104129486 -0.094528370 0.360978425 -0.000287216 -0.001147939 -0.001179441 0.999998629
4.206774194 -0.105663657 -0.095820643 0.367177099 -0.000040266 -0.001212264 -0.001460227 0.999998212
4.240161290 -0.107098348 -0.097189426 0.371737570 -0.000115639 -0.001106353 -0.001517692 0.999998212
4.273548387 -0.108505778 -0.098481499 0.377073139 -0.000115934 -0.001175504 -0.001501975 0.999998212
4.306935484 -0.110355876 -0.099701732 0.382374972 -0.000038577 -0.000988176 -0.001696490 0.999998093
4.340322581 -0.111430377 -0.101348162 0.388016403 -0.000252017 -0.001315861 -0.001560400 0.999997914
4.373709677 -0.113154821 -0.102787450 0.393287539 -0.000183550 -0.001241156 -0.001716682 0.999997735
4.407096774 -0.114558265 -0.103802167 0.397677600 -0.000107579 -0.001079730 -0.001820603 0.999997735
4.440483871 -0.116028659 -0.104987621 0.402861148 -0.000136198 -0.001071234 -0.001869392 0.999997675
4.473870968 -0.117418423 -0.106625572 0.408266902 -0.000070719 -0.001061608 -0.002238115 0.999996960
4.507258065 -0.118507490 -0.107913956 0.413573533 -0.000280679 -0.001310651 -0.002038021 0.999997020
4.540645161 -0.120054305 -0.109064266 0.419097602 -0.000294724 -0.001364244 -0.002096221 0.999996841
4.574032258 -0.121836692 -0.110248305 0.423742235 -0.000140678 -0.001042108 -0.002408971 0.999996543
4.607419355 -0.123103581 -0.111565433 0.428644180 -0.000254997 -0.001077301 -0.002424685 0.999996483
4.640806452 -0.124544665 -0.113173582 0.434587926 -0.000388844 -0.001209205 -0.002430033 0.999996245
4.674193548 -0.126021937 -0.114411145 0.439965039 -0.000524786 -0.001292370 -0.002165723 0.999996722
4.707580645 -0.127811357 -0.115572296 0.445236325 -0.000387247 -0.001160640 -0.002585586 0.999995887
4.740967742 -0.129228279 -0.117046632 0.450998485 -0.000473124 -0.001243697 -0.002554188 0.999995887
4.774354839 -0.130514711 -0.118616782 0.456157446 -0.000679731 -0.001303290 -0.002525371 0.999995768
4.807741935 -0.131553203 -0.119921498 0.460526288 -0.000833796 -0.001359347 -0.002551796 0.999995470
4.841129032 -0.133999139 -0.120957918 0.466587633 -0.000485073 -0.001114151 -0.002856001 0.999995172
4.874516129 -0.135547370 -0.122112259 0.472348332 -0.000604257 -0.001224771 -0.002488039 0.999996006
4.907903226 -0.137243509 -0.123558857 0.477346003 -0.000591012 -0.001075716 -0.002644381 0.999995768
4.941290323 -0.138638273 -0.124922000 0.482852757 -0.000598875 -0.001154026 -0.002692455 0.999995530
4.974677419 -0.140312016 -0.126522720 0.488761932 -0.000694762 -0.001259888 -0.002814194 0.999994993
5.008064516 -0.142005637 -0.127714232 0.494571537 -0.000540076 -0.001295037 -0.002881298 0.999994874
5.041451613 -0.143448651 -0.129099786 0.499375403 -0.000619404 -0.001255944 -0.002907503 0.999994814
5.074838710 -0.144734040 -0.130528539 0.504917383 -0.000728134 -0.001400281 -0.002789405 0.999994874
5.108225806 -0.146055773 -0.132018238 0.510375440 -0.000952717 -0.001538854 -0.002495847 0.999995232
5.141612903 -0.147628769 -0.133356363 0.515577614 -0.000884312 -0.001485466 -0.002725678 0.999994814
5.175000000 -0.149443194 -0.134658203 0.520731926 -0.000804538 -0.001397869 -0.002847517 0.999994636
5.208387097 -0.150792003 -0.136345640 0.526652575 -0.001056124 -0.001554882 -0.002536983 0.999994993
5.241774194 -0.152419508 -0.137945116 0.531996012 -0.001222561 -0.001599269 -0.002296782 0.999995351
5.275161290 -0.154013589 -0.139304176 0.537526786 -0.001170935 -0.001681090 -0.002408894 0.999995053
5.308548387 -0.155666396 -0.140688479 0.543544531 -0.001192985 -0.001797590 -0.002363873 0.999994874
5.341935484 -0.157269627 -0.142087996 0.548880517 -0.001028337 -0.001770710 -0.002561032 0.999994636
5.375322581 -0.159275055 -0.143733665 0.555298030 -0.001068826 -0.001794456 -0.002414071 0.999994934
5.408709677 -0.160858929 -0.144855395 0.560647666 -0.000818031 -0.001804069 -0.002658184 0.999994516
5.442096774 -0.162387162 -0.146566883 0.566876888 -0.001015421 -0.001996277 -0.002535800 0.999994278
5.475483871 -0.163945749 -0.148663238 0.572790563 -0.001277235 -0.002127692 -0.002474303 0.999993861
5.508870968 -0.165489703 -0.150021330 0.579342902 -0.001172397 -0.002294332 -0.002525458 0.999993503
5.542258065 -0.167373642 -0.151634723 0.585332274 -0.001106089 -0.002308839 -0.002694807 0.999993145
5.575645161 -0.169053361 -0.153010294 0.591009915 -0.001076458 -0.002354875 -0.002637511 0.999993205
5.609032258 -0.170655549 -0.154447600 0.596372664 -0.001156312 -0.002367735 -0.002392123 0.999993682
5.642419355 -0.172226533 -0.156096861 0.602278173 -0.001262240 -0.002529681 -0.002300232 0.999993384
5.675806452 -0.173964530 -0.157746509 0.608336389 -0.001321860 -0.002683655 -0.002218197 0.999993086
5.709193548 -0.175304994 -0.158850178 0.613369763 -0.001303479 -0.002796978 -0.002085430 0.999993086
5.742580645 -0.176940680 -0.160450235 0.619438708 -0.001271480 -0.002957352 -0.002210136 0.999992371
5.775967742 -0.178693131 -0.161890715 0.624800205 -0.001281686 -0.002908035 -0.002211479 0.999992490
5.809354839 -0.180751741 -0.163315043 0.631663561 -0.001285400 -0.003186121 -0.002023697 0.999992073
5.842741935 -0.182630971 -0.165049568 0.637397468 -0.001298446 -0.003274422 -0.002184546 0.999991417
5.876129032 -0.183991149 -0.166707695 0.643359780 -0.001574358 -0.003652810 -0.001759967 0.999990523
5.909516129 -0.185981542 -0.167916387 0.648826361 -0.001234312 -0.003568650 -0.002196527 0.999990463
5.942903226 -0.188093916 -0.169590235 0.655804694 -0.001294516 -0.003803144 -0.002042172 0.999989867
5.976290323 -0.189571351 -0.171278313 0.661392033 -0.001368467 -0.003986340 -0.001950560 0.999989212
6.009677419 -0.191263720 -0.172715291 0.666727066 -0.001512197 -0.004036733 -0.001748585 0.999989212
6.043064516 -0.193161294 -0.174340799 0.673755169 -0.001591609 -0.004345256 -0.001588024 0.999988019
6.076451613 -0.195188805 -0.175899178 0.679967344 -0.001539995 -0.004473613 -0.001534393 0.999987662
6.109838710 -0.197105497 -0.177620187 0.686650276 -0.001578399 -0.004614813 -0.001460368 0.999987066
6.143225806 -0.198964536 -0.179232150 0.693109274 -0.001479921 -0.004729808 -0.001650362 0.999986410
6.176612903 -0.200884640 -0.181157812 0.699667990 -0.001595979 -0.004832480 -0.001588630 0.999985814
6.210000000 -0.202964053 -0.182719931 0.706604242 -0.001548386 -0.004939314 -0.001485310 0.999985516
6.243387097 -0.204486758 -0.184196174 0.712388813 -0.001451450 -0.005059855 -0.001535432 0.999984980
6.276774194 -0.206557065 -0.185865536 0.718622386 -0.001511963 -0.005033897 -0.001426606 0.999985218
6.310161290 -0.207977921 -0.187241599 0.724352181 -0.001493960 -0.005148718 -0.001159111 0.999984980
6.343548387 -0.209654808 -0.189055219 0.730446696 -0.001656665 -0.005291041 -0.001040457 0.999984086
6.376935484 -0.211646780 -0.190658718 0.737492144 -0.001503498 -0.005468191 -0.001066502 0.999983370
6.410322581 -0.213424265 -0.192304209 0.743600368 -0.001463930 -0.005572711 -0.001134502 0.999982774
6.443709677 -0.215735421 -0.193933755 0.749664605 -0.001393999 -0.005358952 -0.001127347 0.999984026
6.477096774 -0.217610046 -0.195643350 0.756441176 -0.001339354 -0.005498889 -0.001110990 0.999983370
6.510483871 -0.219503641 -0.197355494 0.762763321 -0.001298124 -0.005625491 -0.001146219 0.999982715
6.543870968 -0.221444637 -0.199069485 0.769153297 -0.001285669 -0.005677558 -0.001119238 0.999982417
6.577258065 -0.223191023 -0.200569361 0.775005758 -0.001167914 -0.005737383 -0.001146812 0.999982238
6.610645161 -0.225077733 -0.202195257 0.782089710 -0.001083997 -0.005931519 -0.001118402 0.999981225
6.644032258 -0.227276295 -0.204183444 0.788952947 -0.001151734 -0.005995558 -0.001062571 0.999980807
6.677419355 -0.229064167 -0.205726281 0.795667887 -0.000958118 -0.006135677 -0.001174223 0.999980032
6.710806452 -0.230928496 -0.207752585 0.802163601 -0.001048155 -0.006253913 -0.001037528 0.999979377
6.744193548 -0.232711941 -0.209210634 0.808600307 -0.000881581 -0.006363437 -0.001018761 0.999978900
6.777580645 -0.234855279 -0.211132661 0.815073371 -0.000908143 -0.006331651 -0.000995131 0.999979079
6.810967742 -0.236823976 -0.212616533 0.821726620 -0.000765670 -0.006420725 -0.001052437 0.999978542
6.844354839 -0.238891497 -0.214419693 0.827919364 -0.000821220 -0.006349139 -0.001112804 0.999978900
6.877741935 -0.241036579 -0.216289803 0.834670603 -0.000855734 -0.006354591 -0.001070739 0.999978900
6.911129032 -0.242919713 -0.218074471 0.841253102 -0.000829487 -0.006396500 -0.001087194 0.999978662
6.944516129 -0.244945213 -0.219695941 0.847838938 -0.000756267 -0.006386792 -0.001104249 0.999978721
6.977903226 -0.246466324 -0.221316427 0.853663266 -0.000871009 -0.006413898 -0.000921800 0.999978662
7.011290323 -0.248344123 -0.223074555 0.859396994 -0.000890003 -0.006372320 -0.000944886 0.999978900
7.044677419 -0.250065088 -0.224437565 0.866010010 -0.000824892 -0.006460947 -0.000913949 0.999978423
7.078064516 -0.251706779 -0.225760028 0.870657504 -0.000763204 -0.006269443 -0.001088894 0.999979496
7.111451613 -0.253479272 -0.227231830 0.876241624 -0.000782007 -0.006270283 -0.001106896 0.999979436
7.144838710 -0.255113035 -0.228716984 0.881775737 -0.000819075 -0.006283973 -0.001030751 0.999979377
7.178225806 -0.256713361 -0.230233237 0.887414694 -0.000794347 -0.006263616 -0.001029584 0.999979556
7.211612903 -0.258545578 -0.231770068 0.893058777 -0.000828761 -0.006168670 -0.001041542 0.999980092
7.245000000 -0.260481834 -0.233190373 0.898299336 -0.000864441 -0.005969443 -0.000984924 0.999981344
7.278387097 -0.262449861 -0.234824434 0.904002786 -0.000846292 -0.005802439 -0.001230538 0.999982059
7.311774194 -0.264269978 -0.236155212 0.909893215 -0.000773633 -0.005730825 -0.001150755 0.999982655
7.345161290 -0.265809864 -0.237980604 0.915933192 -0.000894039 -0.005798981 -0.001158637 0.999982119
7.378548387 -0.267342269 -0.239140019 0.920835912 -0.000877750 -0.005700529 -0.001142963 0.999982715
7.411935484 -0.269113541 -0.240495265 0.926321507 -0.000812871 -0.005508442 -0.001231745 0.999983728
7.445322581 -0.270814240 -0.242280439 0.932119966 -0.000958522 -0.005422263 -0.001234610 0.999984086
7.478709677 -0.272518516 -0.243754134 0.938054502 -0.000927545 -0.005330681 -0.001206925 0.999984622
7.512096774 -0.273988187 -0.245191395 0.943667769 -0.000986871 -0.005267692 -0.001143030 0.999984980
7.545483871 -0.275961965 -0.246897236 0.949642658 -0.001055286 -0.005089542 -0.001194738 0.999985754
7.578870968 -0.277751774 -0.248532966 0.956012249 -0.001095253 -0.005034337 -0.001149882 0.999986112
7.612258065 -0.279740572 -0.250018954 0.961757898 -0.001115650 -0.004804901 -0.001149160 0.999987185
7.645645161 -0.281056136 -0.251600772 0.967381179 -0.001168843 -0.004778336 -0.001138599 0.999987245
7.679032258 -0.282868952 -0.253549546 0.973271787 -0.001396502 -0.004565646 -0.001182243 0.999987900
7.712419355 -0.284254104 -0.255014628 0.978416741 -0.001372200 -0.004417354 -0.001444941 0.999988258
7.745806452 -0.286468565 -0.256477147 0.985368013 -0.001329659 -0.004168491 -0.001278532 0.999989629
7.779193548 -0.288217455 -0.257934332 0.991269290 -0.001277832 -0.003919391 -0.001379137 0.999990582
7.812580645 -0.290066212 -0.259832382 0.997659206 -0.001368803 -0.003823833 -0.001454558 0.999990702
7.845967742 -0.291685760 -0.261553288 1.004480481 -0.001500946 -0.003760600 -0.001359388 0.999990880
7.879354839 -0.293461889 -0.263025880 1.009633064 -0.001588991 -0.003427125 -0.001438758 0.999991834
7.912741935 -0.295288026 -0.264830649 1.016083002 -0.001673520 -0.003246788 -0.001456861 0.999992251
7.946129032 -0.296707153 -0.266342044 1.022078872 -0.001709911 -0.003086732 -0.001504958 0.999992669
7.979516129 -0.298555553 -0.267902464 1.028717637 -0.001813920 -0.002881570 -0.001368472 0.999993265
8.012903226 -0.300817132 -0.269336134 1.035241365 -0.001770076 -0.002651747 -0.001342663 0.999994040
8.046290323 -0.302795440 -0.271083117 1.042373300 -0.001766619 -0.002467621 -0.001563285 0.999994218
8.079677419 -0.304688931 -0.272709280 1.048811674 -0.001958552 -0.002258476 -0.001481490 0.999994457
8.113064516 -0.306207389 -0.274661213 1.055251956 -0.002056520 -0.002114507 -0.001378294 0.999994695
8.146451613 -0.307867855 -0.276067853 1.061740518 -0.002007586 -0.002073028 -0.001548586 0.999994636
8.179838710 -0.309798986 -0.277782857 1.067845821 -0.002093520 -0.001823745 -0.001506731 0.999994993
8.213225806 -0.311466813 -0.279401183 1.074128747 -0.002049985 -0.001577034 -0.001567235 0.999995410
8.246612903 -0.313144982 -0.281119108 1.080756068 -0.002102573 -0.001418411 -0.001593956 0.999995530
8.280000000 -0.314747751 -0.282871366 1.086765170 -0.002118264 -0.001278714 -0.001893572 0.999995172
8.313387097 -0.316735268 -0.284650445 1.093501449 -0.002222356 -0.001043990 -0.001769935 0.999995470
8.346774194 -0.318755031 -0.286213905 1.100276113 -0.002216780 -0.000888017 -0.001550888 0.999995947
8.380161290 -0.320640206 -0.288062215 1.106245518 -0.002309393 -0.000636419 -0.001647981 0.999995768
8.413548387 -0.322078526 -0.289586395 1.112658143 -0.002354522 -0.000589584 -0.001599533 0.999995768
8.446935484 -0.324438095 -0.291286916 1.119620323 -0.002263761 -0.000296498 -0.001638955 0.999996066
8.480322581 -0.326126784 -0.292638808 1.125527501 -0.002166646 -0.000104200 -0.001696509 0.999996245
8.513709677 -0.327994138 -0.294410586 1.132582664 -0.002187985 -0.000011608 -0.001513664 0.999996483
8.547096774 -0.329668343 -0.296168476 1.138614655 -0.002248224 0.000156480 -0.001476281 0.999996424
8.580483871 -0.331913292 -0.297822803 1.145658970 -0.002220613 0.000413116 -0.001462995 0.999996364
8.613870968 -0.333090723 -0.299777091 1.151764870 -0.002413033 0.000406923 -0.001390008 0.999996066
8.647258065 -0.335171163 -0.301059574 1.159149528 -0.002125853 0.000462727 -0.001499817 0.999996483
8.680645161 -0.336603463 -0.303199977 1.164732933 -0.002435584 0.000549583 -0.001486208 0.999995768
8.714032258 -0.338578850 -0.304786175 1.171773791 -0.002213442 0.000691600 -0.001528980 0.999996185
8.747419355 -0.340324759 -0.306222320 1.177272081 -0.002486851 0.000985801 -0.001343929 0.999995530
8.780806452 -0.342254877 -0.307751864 1.183142543 -0.002152959 0.001233425 -0.001259109 0.999996126
8.814193548 -0.344359756 -0.309057653 1.190681696 -0.001606820 0.001437778 -0.001401550 0.999996722
8.847580645 -0.345868170 -0.310994059 1.196719289 -0.001661622 0.001505993 -0.001338236 0.999996603
8.880967742 -0.348018795 -0.312872857 1.203592420 -0.001599982 0.001701312 -0.001401015 0.999996305
8.914354839 -0.350054562 -0.315072805 1.211097002 -0.001620894 0.001862519 -0.001401438 0.999996006
8.947741935 -0.351577878 -0.316351116 1.218200207 -0.001591687 0.001754257 -0.000960291 0.999996722
8.981129032 -0.352663070 -0.317888945 1.222850680 -0.001574704 0.001905861 -0.001165949 0.999996305
9.014516129 -0.354690880 -0.319726050 1.229421377 -0.001419260 0.002258790 -0.001384779 0.999995470
9.047903226 -0.356107891 -0.321645111 1.236285329 -0.001565568 0.002268383 -0.001217511 0.999995470
9.081290323 -0.358742058 -0.323393703 1.243890405 -0.001442372 0.002629358 -0.001146444 0.999994874
9.114677419 -0.360082984 -0.325505912 1.250433445 -0.001489318 0.002708810 -0.001124025 0.999994636
9.148064516 -0.361983180 -0.326150596 1.255707026 -0.001226413 0.003010921 -0.001004037 0.999994218
9.181451613 -0.363360137 -0.328157693 1.261727691 -0.001285298 0.003132042 -0.001038981 0.999993742
9.214838710 -0.365696132 -0.329843938 1.269022226 -0.001118972 0.003374768 -0.001142200 0.999993026
9.248225806 -0.367229491 -0.331696242 1.275293827 -0.001106857 0.003461121 -0.001003440 0.999992907
9.281612903 -0.368859440 -0.333473474 1.282137156 -0.001083848 0.003408018 -0.000884469 0.999993205
9.315000000 -0.371080369 -0.335082531 1.288564086 -0.000891401 0.003727309 -0.001269797 0.999991894
9.348387097 -0.372928202 -0.336804658 1.295217633 -0.000704354 0.003820878 -0.001359276 0.999991536
9.381774194 -0.374574482 -0.338857889 1.302613258 -0.000811149 0.003661497 -0.001161068 0.999992311
9.415161290 -0.376886815 -0.340732485 1.310267687 -0.000773317 0.003801831 -0.001015407 0.999992013
9.448548387 -0.379027337 -0.343017697 1.317076087 -0.000783402 0.004001056 -0.001199165 0.999991000
9.481935484 -0.380942076 -0.345021993 1.323914528 -0.000623095 0.004148322 -0.001260787 0.999990404
9.515322581 -0.382606894 -0.346408486 1.330347300 -0.000580141 0.004082256 -0.001038929 0.999990940
9.548709677 -0.384372354 -0.348187506 1.337461352 -0.000442480 0.004024217 -0.000954321 0.999991357
9.582096774 -0.386177421 -0.350133687 1.344350576 -0.000223717 0.004166407 -0.001179000 0.999990642
9.615483871 -0.388199300 -0.352200449 1.351704001 -0.000225960 0.004129579 -0.001027858 0.999990940
9.648870968 -0.390655935 -0.353873163 1.359455228 -0.000013019 0.004227187 -0.000931066 0.999990642
9.682258065 -0.393038392 -0.355733305 1.366824389 0.000118678 0.004274361 -0.000952892 0.999990404
9.715645161 -0.395183474 -0.357876390 1.374350429 0.000202795 0.004299892 -0.000943075 0.999990284
9.749032258 -0.397145629 -0.359891325 1.381128073 0.000196300 0.004278610 -0.000796821 0.999990523
9.782419355 -0.399395674 -0.361766338 1.388618827 0.000324297 0.004381634 -0.000982961 0.999989867
9.815806452 -0.401527166 -0.363756806 1.395725965 0.000395118 0.004414871 -0.000927372 0.999989748
9.849193548 -0.403379351 -0.365295261 1.402368069 0.000468073 0.004386025 -0.000770064 0.999989986
9.882580645 -0.405548096 -0.367541939 1.410172820 0.000525202 0.004428536 -0.000855422 0.999989688
9.915967742 -0.407161564 -0.369350910 1.416639447 0.000490689 0.004294642 -0.000708035 0.999990463
9.949354839 -0.409509122 -0.371101946 1.424186587 0.000588794 0.004352739 -0.000373689 0.999990284
9.982741935 -0.411848396 -0.373245776 1.432048559 0.000561049 0.004348826 -0.000273741 0.999990344
10.016129032 -0.414191365 -0.375083596 1.439043999 0.000709309 0.004570785 -0.000663191 0.999989092
10.049516129 -0.416249365 -0.376929492 1.447138190 0.000855576 0.004456093 -0.000588680 0.999989569
10.082903226 -0.418268204 -0.378709227 1.453590155 0.000843962 0.004531472 -0.000487065 0.999989271
10.116290323 -0.420799077 -0.380716860 1.461608291 0.000963086 0.004693583 -0.000809335 0.999988198
10.149677419 -0.422986776 -0.382603467 1.468756914 0.000996957 0.004744073 -0.000979286 0.999987781
10.183064516 -0.425180078 -0.384469151 1.475957870 0.001053555 0.004821761 -0.000808941 0.999987483
10.216451613 -0.426637560 -0.385443509 1.481422305 0.001134292 0.004872567 -0.000740625 0.999987245
10.249838710 -0.428673297 -0.387552857 1.488704562 0.001149052 0.004857104 -0.000871986 0.999987185
10.283225806 -0.430828840 -0.389539242 1.495535612 0.001083908 0.004932503 -0.000834533 0.999986947
10.316612903 -0.432785392 -0.391617388 1.502784371 0.001056275 0.004986947 -0.001001292 0.999986529
10.350000000 -0.434877992 -0.393320978 1.510035992 0.001189123 0.005115618 -0.000891103 0.999985814
10.383387097 -0.436773241 -0.394945025 1.516939878 0.001207198 0.005098323 -0.000758651 0.999985993
10.416774194 -0.438474178 -0.396846205 1.523648977 0.001172513 0.005218690 -0.000913795 0.999985278
10.450161290 -0.440434366 -0.398819894 1.530162454 0.001120961 0.005326780 -0.000919995 0.999984801
10.483548387 -0.442126989 -0.400491595 1.537073851 0.001120097 0.005428148 -0.001005168 0.999984145
10.516935484 -0.443853199 -0.402471900 1.544250846 0.001181970 0.005443583 -0.000940959 0.999984086
10.550322581 -0.446256161 -0.404405564 1.552048087 0.001170472 0.005559498 -0.000881773 0.999983490
10.583709677 -0.448335081 -0.406120420 1.559605241 0.001235286 0.005566498 -0.000812546 0.999983430
10.617096774 -0.450467855 -0.408190727 1.567348480 0.001291566 0.005707007 -0.000958043 0.999982476
10.650483871 -0.452513993 -0.410737365 1.575412035 0.001096322 0.005626653 -0.000887597 0.999983191
10.683870968 -0.454445183 -0.412413388 1.583160758 0.001241305 0.005549896 -0.000630640 0.999983609
10.717258065 -0.456838459 -0.414454103 1.591286898 0.001262909 0.005612900 -0.000675056 0.999983251
10.750645161 -0.459022194 -0.416176975 1.598448396 0.001587614 0.005859630 -0.000843747 0.999981225
10.784032258 -0.461124450 -0.418385684 1.606243014 0.001431254 0.005742079 -0.000718135 0.999982238
10.817419355 -0.462855071 -0.420546979 1.613480687 0.001392648 0.005663760 -0.000653536 0.999982774
10.850806452 -0.464996487 -0.422466666 1.621552110 0.001406898 0.005777125 -0.000621093 0.999982119
10.884193548 -0.466858864 -0.424350321 1.628506064 0.001333858 0.005764438 -0.000482673 0.999982417
10.917580645 -0.468602538 -0.426119417 1.635640383 0.001405313 0.005734681 -0.000655019 0.999982357
10.950967742 -0.470590234 -0.428126633 1.643243194 0.001358626 0.005567952 -0.000295426 0.999983549
10.984354839 -0.472373933 -0.429945469 1.649366617 0.001321449 0.005614948 -0.000273753 0.999983311
11.017741935 -0.475043863 -0.432121217 1.657317042 0.001442557 0.005811299 -0.000653038 0.999981880
11.051129032 -0.476775169 -0.433858067 1.663565993 0.001357559 0.005763095 -0.000334896 0.999982417
11.084516129 -0.478637695 -0.435415059 1.670827270 0.001631218 0.005771703 -0.000591931 0.999981821
11.117903226 -0.480510652 -0.437259436 1.677275658 0.001607651 0.005817894 -0.000816712 0.999981463
11.151290323 -0.482225090 -0.438966721 1.684289217 0.001519133 0.005672144 -0.000509413 0.999982655
11.184677419 -0.484435737 -0.441194296 1.691465020 0.001428394 0.005630339 -0.000489916 0.999983013
11.218064516 -0.486171663 -0.442327410 1.697397709 0.001589138 0.005672857 -0.000553103 0.999982476
11.251451613 -0.487852544 -0.444051832 1.703639030 0.001596130 0.005589089 -0.000504383 0.999983013
11.284838710 -0.489855736 -0.446117610 1.710426688 0.001496618 0.005619959 -0.000538109 0.999982953
11.318225806 -0.491666973 -0.447738200 1.717070937 0.001465363 0.005546004 -0.000344816 0.999983490
11.351612903 -0.493542403 -0.449504197 1.723948836 0.001578824 0.005517255 -0.000536216 0.999983370
11.385000000 -0.495471030 -0.451444268 1.730254292 0.001503341 0.005584114 -0.000624685 0.999983132
11.418387097 -0.497397333 -0.452833593 1.737338305 0.001413524 0.005471765 -0.000256041 0.999984026
11.451774194 -0.499272227 -0.454221308 1.743438244 0.001803593 0.005704984 -0.000761638 0.999981821
11.485161290 -0.501176596 -0.456331581 1.750289321 0.001594954 0.005657874 -0.000696967 0.999982476
11.518548387 -0.503290713 -0.458202779 1.757467985 0.001588564 0.005719017 -0.000705920 0.999982119
11.551935484 -0.505115926 -0.459776521 1.765157342 0.001707158 0.005507367 -0.000544292 0.999983251
11.585322581 -0.506351411 -0.461652309 1.771740437 0.001554517 0.005323332 -0.000377539 0.999984562
11.618709677 -0.508887947 -0.463556826 1.778511286 0.001713386 0.005634055 -0.000754977 0.999982357
11.652096774 -0.511047661 -0.465212315 1.786373496 0.001736429 0.005534125 -0.000559406 0.999983013
11.685483871 -0.512304902 -0.467176884 1.791909456 0.001671575 0.005545171 -0.000695829 0.999983013
11.718870968 -0.514480948 -0.469056636 1.798908114 0.001712657 0.005611084 -0.000950109 0.999982357
11.752258065 -0.516654968 -0.470653534 1.807234645 0.001937563 0.005634331 -0.000886405 0.999981880
11.785645161 -0.518293679 -0.472852558 1.814051032 0.001782796 0.005498481 -0.000729116 0.999983072
11.819032258 -0.520487130 -0.474713564 1.821076393 0.001806371 0.005592001 -0.000901939 0.999982357
11.852419355 -0.522331774 -0.476514935 1.827151060 0.001851474 0.005664732 -0.001096539 0.999981642
11.885806452 -0.524221003 -0.478981316 1.836601496 0.001780980 0.005404981 -0.000909235 0.999983430
11.919193548 -0.526090562 -0.480869621 1.842432737 0.001695229 0.005667769 -0.000788640 0.999982178
11.952580645 -0.527846277 -0.482238710 1.849185944 0.001743516 0.005481824 -0.000894842 0.999983072
11.985967742 -0.530420303 -0.484357834 1.858382702 0.001980638 0.005537516 -0.000834489 0.999982417
12.019354839 -0.532218277 -0.486086637 1.864561081 0.001904220 0.005507232 -0.000671730 0.999982834
12.052741935 -0.533897758 -0.487866193 1.871042371 0.001917066 0.005444771 -0.000686383 0.999983132
12.086129032 -0.535744846 -0.489614934 1.877845287 0.001908232 0.005438295 -0.000658174 0.999983191
12.119516129 -0.537608922 -0.491273493 1.884671330 0.002003753 0.005317972 -0.000607986 0.999983668
12.152903226 -0.540140867 -0.493511170 1.892645836 0.002046271 0.005286534 -0.000722378 0.999983668
12.186290323 -0.543047905 -0.495654374 1.899954557 0.002160858 0.005561262 -0.001146679 0.999981582
12.219677419 -0.545103252 -0.497618258 1.907857060 0.002164409 0.005277693 -0.000938187 0.999983311
12.253064516 -0.546680093 -0.499320537 1.913716912 0.002083967 0.005065243 -0.000933164 0.999984622
12.286451613 -0.549234152 -0.501178563 1.921703339 0.002216004 0.004992823 -0.001115944 0.999984503
12.319838710 -0.551133573 -0.502826035 1.928181529 0.002211090 0.004866126 -0.001069085 0.999985158
12.353225806 -0.553043067 -0.504621446 1.935453057 0.002243516 0.004698145 -0.001259160 0.999985695
12.386612903 -0.555126727 -0.506963193 1.943724275 0.002098905 0.004414120 -0.000866624 0.999987662
12.420000000 -0.557250738 -0.509061813 1.951241612 0.002128582 0.004273479 -0.001170085 0.999987960
12.453387097 -0.559396029 -0.511161208 1.958276391 0.001923873 0.004240812 -0.001081281 0.999988556
12.486774194 -0.561666846 -0.512637138 1.965169430 0.002085253 0.004182528 -0.001146861 0.999988437
12.520161290 -0.563615561 -0.514730573 1.972331762 0.001963337 0.004097311 -0.001000404 0.999989212
12.553548387 -0.565995514 -0.516371131 1.979360700 0.002124350 0.004182936 -0.001385779 0.999988019
12.586935484 -0.568336487 -0.518345654 1.986650705 0.001993536 0.004065248 -0.001194243 0.999989033
12.620322581 -0.570237577 -0.520608485 1.994751692 0.001832188 0.003840136 -0.001035538 0.999990463
12.653709677 -0.572358668 -0.522029579 2.001799583 0.001863271 0.003785557 -0.000897244 0.999990702
12.687096774 -0.574500799 -0.523847938 2.009457350 0.002053551 0.003658531 -0.001292543 0.999990344
12.720483871 -0.576167583 -0.525649071 2.015519142 0.001939922 0.003528578 -0.001142052 0.999991238
12.753870968 -0.578642905 -0.527395904 2.023171902 0.001970340 0.003536032 -0.001248340 0.999991059
12.787258065 -0.580233335 -0.529232800 2.029400110 0.001830486 0.003323994 -0.001216257 0.999992073
12.820645161 -0.582226336 -0.531141877 2.036348343 0.001749517 0.003288631 -0.001196033 0.999992371
12.854032258 -0.584090948 -0.532651663 2.043120384 0.001895154 0.003200361 -0.001411708 0.999992073
12.887419355 -0.585877895 -0.534843147 2.050072193 0.001689918 0.002998248 -0.001459596 0.999993026
12.920806452 -0.588160694 -0.536454201 2.057183504 0.001737359 0.003020009 -0.001416585 0.999992967
12.954193548 -0.590151608 -0.537902772 2.063741446 0.001813613 0.003043324 -0.001473921 0.999992669
12.987580645 -0.592278183 -0.539730608 2.070669651 0.001779273 0.002935325 -0.001559542 0.999992907
13.020967742 -0.594069183 -0.541361153 2.077515125 0.001767418 0.002749567 -0.001596530 0.999993384
13.054354839 -0.596381485 -0.543333888 2.084807158 0.001780563 0.002756773 -0.001463001 0.999993563
13.087741935 -0.598665297 -0.545174003 2.091324329 0.001629153 0.002737464 -0.001510088 0.999993801
13.121129032 -0.600496590 -0.547334135 2.100772381 0.001598980 0.002300032 -0.001299641 0.999995232
13.154516129 -0.602711201 -0.549103081 2.107537746 0.001674803 0.002332636 -0.001578883 0.999994636
13.187903226 -0.604977846 -0.550754189 2.115011692 0.001728283 0.002205549 -0.001588642 0.999994814
13.221290323 -0.607190907 -0.552712858 2.122661829 0.001582591 0.002017779 -0.001330480 0.999995828
13.254677419 -0.608935952 -0.554480135 2.129027605 0.001453049 0.001843761 -0.001347646 0.999996364
13.288064516 -0.610529661 -0.556192160 2.135529280 0.001683929 0.001730501 -0.001728821 0.999995589
13.321451613 -0.612743497 -0.557905078 2.142627239 0.001812633 0.001766238 -0.002186374 0.999994457
13.354838710 -0.614947200 -0.559808493 2.148050785 0.001439815 0.001612661 -0.001626255 0.999996364
13.388225806 -0.617848217 -0.562303483 2.158135653 0.001423485 0.001324628 -0.001836105 0.999996424
13.421612903 -0.620453119 -0.563843906 2.165313244 0.001653991 0.001376641 -0.002156223 0.999995351
13.455000000 -0.622431695 -0.565587580 2.171797514 0.001654140 0.001186508 -0.002262817 0.999995351
13.488387097 -0.624981344 -0.567469478 2.179014444 0.001742361 0.001108443 -0.002463236 0.999994814
13.521774194 -0.627323389 -0.569480896 2.185964346 0.001650917 0.000913467 -0.002559320 0.999994934
13.555161290 -0.629502416 -0.570999682 2.193054914 0.001933757 0.000709119 -0.003129071 0.999993026
13.588548387 -0.632000685 -0.573145211 2.201224804 0.001654992 0.000281462 -0.002672156 0.999995053
13.621935484 -0.634115577 -0.574986100 2.208122969 0.001633650 -0.000041887 -0.002623943 0.999995232
13.655322581 -0.636870444 -0.577508390 2.218655348 0.001452493 -0.000551597 -0.002251145 0.999996305
13.688709677 -0.638830543 -0.578935266 2.224917412 0.001622102 -0.000827700 -0.002396487 0.999995530
13.722096774 -0.641345084 -0.581285954 2.232340813 0.001479983 -0.000959572 -0.002735602 0.999994755
13.755483871 -0.643449783 -0.582644343 2.238988638 0.001550940 -0.001106957 -0.002554436 0.999994934
13.788870968 -0.645744145 -0.584210575 2.246094227 0.001643584 -0.001390414 -0.002504256 0.999994576
13.822258065 -0.648405433 -0.586325586 2.253518105 0.001576637 -0.001457908 -0.002818109 0.999993742
13.855645161 -0.650301576 -0.588138223 2.259970427 0.001345232 -0.001810715 -0.002385587 0.999994636
13.889032258 -0.653456032 -0.590026736 2.268193007 0.001617315 -0.001830696 -0.002771307 0.999993205
13.922419355 -0.655554652 -0.592507064 2.277483702 0.001515652 -0.002239007 -0.002608854 0.999992967
13.955806452 -0.657219052 -0.594750404 2.283709288 0.001302490 -0.002544523 -0.002642693 0.999992430
13.989193548 -0.659317970 -0.596338928 2.290355921 0.001345132 -0.002682410 -0.002775163 0.999991655
14.022580645 -0.662023902 -0.598080933 2.298085451 0.001521148 -0.002858165 -0.002840110 0.999990761
14.055967742 -0.664056540 -0.599222898 2.304471970 0.001714796 -0.003070410 -0.002985516 0.999989390
14.089354839 -0.666907251 -0.601225078 2.312163591 0.001711207 -0.003122028 -0.003101651 0.999988854
14.122741935 -0.669246197 -0.603280842 2.318833590 0.001531551 -0.003239531 -0.003165155 0.999988616
14.156129032 -0.671372592 -0.605080128 2.325627804 0.001524269 -0.003482337 -0.003144904 0.999987841
14.189516129 -0.673586190 -0.607382715 2.334392309 0.001543192 -0.003870825 -0.003307903 0.999985874
14.222903226 -0.675828755 -0.609010994 2.341048002 0.001642428 -0.003965739 -0.003555790 0.999984503
14.256290323 -0.677873731 -0.611031175 2.347927332 0.001501232 -0.004357228 -0.003477316 0.999983311
14.289677419 -0.680640280 -0.612887740 2.354968071 0.001546893 -0.004385712 -0.003613975 0.999982655
14.323064516 -0.682825267 -0.614456296 2.361986160 0.001638361 -0.004606628 -0.003666698 0.999981344
14.356451613 -0.684937119 -0.616080582 2.368379116 0.001689006 -0.004844787 -0.003659145 0.999980152
14.389838710 -0.687092483 -0.617638230 2.376071692 0.001789039 -0.005194688 -0.003730061 0.999977946
14.423225806 -0.689493418 -0.619624794 2.382733583 0.001850056 -0.005294971 -0.004147677 0.999975681
14.456612903 -0.691942453 -0.621583939 2.390261412 0.001670157 -0.005532231 -0.003864468 0.999975860
14.490000000 -0.694821656 -0.623330653 2.397823334 0.001855369 -0.005531200 -0.004130397 0.999974489
14.523387097 -0.697022617 -0.625437677 2.405232668 0.001833254 -0.005906988 -0.004269020 0.999971807
14.556774194 -0.699631810 -0.627235711 2.412230492 0.001816342 -0.005995443 -0.004253539 0.999971330
14.590161290 -0.701716959 -0.629087746 2.419064760 0.001833508 -0.006250303 -0.004380240 0.999969244
14.623548387 -0.704251349 -0.630714059 2.425997496 0.002119128 -0.006429940 -0.004739374 0.999965847
14.656935484 -0.706723273 -0.632798433 2.433145761 0.001930800 -0.006671085 -0.004784884 0.999964416
14.690322581 -0.708908141 -0.634622276 2.439330339 0.001855987 -0.007019537 -0.004615754 0.999962986
14.723709677 -0.711717308 -0.636238337 2.447235107 0.002225609 -0.007210623 -0.005094816 0.999958575
14.757096774 -0.713923156 -0.638841093 2.454839945 0.001722982 -0.007595103 -0.004407379 0.999959946
14.790483871 -0.716588259 -0.640752196 2.461984158 0.001899716 -0.007723762 -0.004911637 0.999956310
14.823870968 -0.719012499 -0.642295837 2.469027758 0.001883807 -0.008006639 -0.004923487 0.999954045
14.857258065 -0.721618950 -0.644015372 2.475801229 0.002010165 -0.008233683 -0.004933544 0.999951959
14.890645161 -0.723832488 -0.645930767 2.484148979 0.002074882 -0.008734890 -0.004928219 0.999947548
14.924032258 -0.726118505 -0.647668719 2.490128279 0.002037538 -0.008961332 -0.005005270 0.999945283
14.957419355 -0.728420019 -0.649710059 2.497425318 0.001902976 -0.009290098 -0.004939179 0.999942839
14.990806452 -0.730804920 -0.652029991 2.506541967 0.001814996 -0.009915447 -0.004633313 0.999938488
15.024193548 -0.733293891 -0.653695822 2.511170864 0.001765934 -0.009915194 -0.004812533 0.999937713
15.057580645 -0.735637844 -0.654212713 2.515266180 0.002197172 -0.009635516 -0.005515296 0.999935985
15.090967742 -0.738177180 -0.655847669 2.522715092 0.002199974 -0.009968824 -0.005331890 0.999933720
15.124354839 -0.740603924 -0.658048689 2.529911757 0.002251015 -0.010185312 -0.005576164 0.999930084
15.157741935 -0.742998421 -0.659774065 2.536157370 0.002171068 -0.010382962 -0.005385668 0.999929249
15.191129032 -0.745381236 -0.661470771 2.543066978 0.002302205 -0.010509976 -0.005800571 0.999925315
15.224516129 -0.747851551 -0.663168848 2.549985886 0.002279107 -0.010765319 -0.005741108 0.999922991
15.257903226 -0.750507891 -0.665168047 2.558132172 0.002478461 -0.010853643 -0.006175785 0.999918997
15.291290323 -0.752873302 -0.666851521 2.565299988 0.002620397 -0.011101977 -0.006269826 0.999915302
15.324677419 -0.755425215 -0.669008315 2.571354151 0.002433805 -0.011240752 -0.006198677 0.999914646
15.358064516 -0.757433534 -0.671084464 2.578374624 0.002265718 -0.011423242 -0.006117633 0.999913514
15.391451613 -0.759985149 -0.672506630 2.585860491 0.002467270 -0.011642334 -0.006188124 0.999910057
15.424838710 -0.762590289 -0.674518228 2.593209982 0.002439703 -0.011780931 -0.006361175 0.999907374
15.458225806 -0.764809310 -0.675974786 2.600069523 0.002620082 -0.011987046 -0.006406610 0.999904215
15.491612903 -0.767253876 -0.678120911 2.606767416 0.002511620 -0.012146777 -0.006554303 0.999901593
15.525000000 -0.769658327 -0.680120528 2.614044189 0.002589549 -0.012303642 -0.006843126 0.999897540
15.558387097 -0.771549344 -0.681969345 2.619878292 0.002429809 -0.012573821 -0.006641200 0.999895990
15.591774194 -0.774086237 -0.683495343 2.626975775 0.002614903 -0.012696812 -0.006837491 0.999892592
15.625161290 -0.776325941 -0.685828805 2.633640289 0.002385796 -0.012866618 -0.006805593 0.999891222
15.658548387 -0.778504133 -0.687020481 2.639297724 0.002441583 -0.012911172 -0.006732245 0.999891043
15.691935484 -0.780804515 -0.688600659 2.645324469 0.002515232 -0.013060166 -0.006838064 0.999888182
15.725322581 -0.783374548 -0.690384567 2.652925968 0.002595017 -0.013201794 -0.006944850 0.999885380
15.758709677 -0.786023676 -0.692447841 2.659777403 0.002465370 -0.013416235 -0.006775348 0.999884009
15.792096774 -0.788334668 -0.694073379 2.666380167 0.002495216 -0.013550862 -0.007240930 0.999878883
15.825483871 -0.790857017 -0.696104646 2.673752785 0.002451978 -0.013893257 -0.007019228 0.999875903
15.858870968 -0.793909073 -0.698157430 2.681637764 0.002573309 -0.014018877 -0.007362403 0.999871314
15.892258065 -0.796316028 -0.699819982 2.688016891 0.002541360 -0.014213900 -0.007347534 0.999868751
15.925645161 -0.799011290 -0.701483130 2.695327520 0.002643989 -0.014409439 -0.007325362 0.999865890
15.959032258 -0.801791251 -0.703353047 2.703107834 0.002688148 -0.014674186 -0.007464362 0.999860883
15.992419355 -0.804366648 -0.704827189 2.710008144 0.002955811 -0.014848680 -0.007684597 0.999855876
16.025806452 -0.806872189 -0.706455946 2.716440439 0.003056576 -0.015013170 -0.007678301 0.999853134
16.059193548 -0.809618711 -0.708768904 2.724246264 0.002815139 -0.015353740 -0.007695096 0.999848604
16.092580645 -0.811957836 -0.710694313 2.731735706 0.002779508 -0.015784014 -0.007531691 0.999843240
16.125967742 -0.815068424 -0.712666690 2.739396095 0.002818714 -0.015889123 -0.007749479 0.999839783
16.159354839 -0.817732930 -0.714427412 2.746730804 0.002926167 -0.016103292 -0.007885804 0.999834955
16.192741935 -0.819645286 -0.716620624 2.754170656 0.002792525 -0.016520416 -0.007771348 0.999829471
16.226129032 -0.822927773 -0.719411492 2.764682293 0.002759298 -0.016940227 -0.007853241 0.999821842
16.259516129 -0.825766265 -0.720522225 2.770666122 0.002986456 -0.016804537 -0.008111252 0.999821424
16.292903226 -0.828153670 -0.722336113 2.777420282 0.002993966 -0.017069133 -0.008072435 0.999817252
16.326290323 -0.831153512 -0.724403083 2.785074711 0.002999954 -0.017144898 -0.008273572 0.999814272
16.359677419 -0.833424270 -0.725965679 2.791778803 0.002996423 -0.017431894 -0.008130943 0.999810517
16.393064516 -0.836203575 -0.727864802 2.798234701 0.003044042 -0.017409300 -0.008288409 0.999809444
16.426451613 -0.838485718 -0.730054140 2.805643797 0.002853432 -0.017785463 -0.008320002 0.999803126
16.459838710 -0.841371536 -0.731434643 2.813802004 0.002996028 -0.018063979 -0.008180706 0.999798894
16.493225806 -0.844170928 -0.733421326 2.822253227 0.002976812 -0.018415729 -0.007943242 0.999794424
16.526612903 -0.846739709 -0.734764934 2.828201771 0.003210671 -0.018405478 -0.008299205 0.999791026
16.560000000 -0.849930704 -0.736734748 2.834420204 0.003157966 -0.018238114 -0.008526811 0.999792337
16.593387097 -0.852549672 -0.738377810 2.843096018 0.003431862 -0.018617408 -0.008758416 0.999782443
16.626774194 -0.854936123 -0.740243971 2.848963976 0.003254473 -0.018780459 -0.008573334 0.999781609
16.660161290 -0.857103109 -0.742285967 2.855971336 0.003095216 -0.019136956 -0.008614338 0.999774992
16.693548387 -0.859844863 -0.744131088 2.863574266 0.003002702 -0.019446936 -0.008393524 0.999771178
16.726935484 -0.862593830 -0.745840847 2.870706320 0.003244111 -0.019538546 -0.008649304 0.999766409
16.760322581 -0.865769565 -0.747448564 2.878084421 0.003471267 -0.019573195 -0.008822923 0.999763489
16.793709677 -0.868321657 -0.749512732 2.884032726 0.003378615 -0.019608766 -0.009181782 0.999759853
16.827096774 -0.871657014 -0.751115263 2.893379688 0.003604030 -0.019952264 -0.008929065 0.999754548
16.860483871 -0.873876929 -0.753179133 2.899377584 0.003495634 -0.020151850 -0.009069781 0.999749720
16.893870968 -0.876617610 -0.755292416 2.906598330 0.003447256 -0.020324713 -0.009026958 0.999746740
16.927258065 -0.879297078 -0.756866515 2.913473606 0.003507029 -0.020487927 -0.009152271 0.999742091
16.960645161 -0.881990850 -0.758646607 2.920147657 0.003587122 -0.020611940 -0.009146359 0.999739289
16.994032258 -0.884912074 -0.760417044 2.927647352 0.003727184 -0.020817941 -0.009363202 0.999732494
17.027419355 -0.887122869 -0.762055993 2.934456348 0.003805079 -0.021179933 -0.009265546 0.999725521
17.060806452 -0.889536500 -0.763899624 2.941493988 0.003675495 -0.021496672 -0.009175257 0.999720097
17.094193548 -0.893003821 -0.766138494 2.949525833 0.003799384 -0.021638006 -0.009247698 0.999715924
17.127580645 -0.895855963 -0.767851651 2.956043243 0.003760293 -0.021819975 -0.009270129 0.999711871
17.160967742 -0.898143470 -0.769884765 2.962357044 0.003603783 -0.022202533 -0.009236658 0.999704361
17.194354839 -0.900964260 -0.771481395 2.969043970 0.003768953 -0.022325881 -0.009424278 0.999699235
17.227741935 -0.903510749 -0.772974193 2.975730896 0.003857386 -0.022587055 -0.009337469 0.999693871
17.261129032 -0.905710220 -0.774661899 2.981713533 0.003785628 -0.022891892 -0.009439067 0.999686241
17.294516129 -0.908135653 -0.776261926 2.988287210 0.003884234 -0.023155175 -0.009474688 0.999679446
17.327903226 -0.910586774 -0.778138399 2.994841099 0.003777102 -0.023444617 -0.009345211 0.999674320
17.361290323 -0.913302243 -0.779930830 3.001591206 0.003771084 -0.023549486 -0.009397930 0.999671400
17.394677419 -0.916185439 -0.781562269 3.007893085 0.003827304 -0.023616515 -0.009515319 0.999668479
17.428064516 -0.919139028 -0.783617377 3.016407490 0.003855282 -0.024019284 -0.009412079 0.999659777
17.461451613 -0.921644926 -0.785354674 3.022282839 0.003823721 -0.024131218 -0.009547962 0.999655902
17.494838710 -0.923960090 -0.786787331 3.029078245 0.003944072 -0.024408933 -0.009636514 0.999647856
17.528225806 -0.926648498 -0.788532615 3.035486460 0.003902570 -0.024544530 -0.009573956 0.999645293
17.561612903 -0.929546118 -0.790549099 3.042332888 0.003865875 -0.024617232 -0.009736841 0.999642074
17.595000000 -0.931891322 -0.792542756 3.049016237 0.003582350 -0.024954675 -0.009633778 0.999635756
17.628387097 -0.934090972 -0.793825507 3.056056499 0.003947445 -0.025319992 -0.009762210 0.999623954
17.661774194 -0.937003911 -0.796009839 3.062621117 0.003660179 -0.025358483 -0.009596111 0.999625683
17.695161290 -0.939566910 -0.797755480 3.069575071 0.003831993 -0.025518339 -0.009843844 0.999618590
17.728548387 -0.942047179 -0.799217284 3.076289177 0.003940706 -0.025706053 -0.009860367 0.999613166
17.761935484 -0.945352614 -0.801518977 3.084474325 0.003725475 -0.025868433 -0.009703527 0.999611318
17.795322581 -0.947764754 -0.803225696 3.090883970 0.003816442 -0.026020546 -0.009811381 0.999606013
17.828709677 -0.950352132 -0.804892600 3.097774982 0.003761039 -0.026272185 -0.009749690 0.999600232
17.862096774 -0.952930093 -0.806913853 3.104927540 0.003664506 -0.026533529 -0.009705302 0.999594092
17.895483871 -0.955614686 -0.808345914 3.111115932 0.003800031 -0.026544373 -0.009843452 0.999591947
17.928870968 -0.957869947 -0.810502112 3.118013382 0.003756855 -0.026815375 -0.010009428 0.999583244
17.962258065 -0.960721433 -0.812036514 3.124953508 0.003732638 -0.026905486 -0.009898786 0.999581993
17.995645161 -0.962940812 -0.813820422 3.130857944 0.003697067 -0.027005335 -0.009996377 0.999578476
18.029032258 -0.965413690 -0.815503955 3.138049841 0.003767612 -0.027260281 -0.009886955 0.999572396
18.062419355 -0.968835235 -0.817496777 3.145479441 0.003763969 -0.027290175 -0.010002811 0.999570429
18.095806452 -0.971201122 -0.819645166 3.152760267 0.003548399 -0.027704669 -0.009735518 0.999562502
18.129193548 -0.974124432 -0.821290076 3.159393787 0.003618689 -0.027634189 -0.009995407 0.999561608
18.162580645 -0.976721346 -0.823169112 3.167043447 0.003601873 -0.028076487 -0.009899900 0.999550283
18.195967742 -0.979763687 -0.824647069 3.173842192 0.003717280 -0.027999641 -0.009838686 0.999552608
18.229354839 -0.982033908 -0.826353073 3.180420160 0.003773078 -0.028248634 -0.009957599 0.999544263
18.262741935 -0.984786272 -0.828348398 3.187353849 0.003659687 -0.028374581 -0.009931779 0.999541342
18.296129032 -0.987093985 -0.829631567 3.193217516 0.003865153 -0.028509818 -0.010114524 0.999534845
18.329516129 -0.990531564 -0.832288146 3.202334642 0.003462625 -0.028839208 -0.009662700 0.999531388
18.362903226 -0.992835641 -0.833838642 3.208550692 0.003744749 -0.028972093 -0.010273136 0.999520421
18.396290323 -0.995642662 -0.835623920 3.215083838 0.003549627 -0.029023668 -0.010188939 0.999520481
18.429677419 -0.998162568 -0.837151110 3.220955133 0.003539322 -0.029111264 -0.010080079 0.999519110
18.463064516 -1.000774860 -0.838370800 3.226839542 0.003693212 -0.029146595 -0.010139138 0.999516904
18.496451613 -1.003020763 -0.840215504 3.233319044 0.003549107 -0.029398954 -0.010116328 0.999510288
18.529838710 -1.005366087 -0.841686428 3.238892555 0.003508031 -0.029502841 -0.010213101 0.999506414
18.563225806 -1.007822752 -0.843419671 3.245819807 0.003388473 -0.029776026 -0.010285169 0.999497950
18.596612903 -1.010729909 -0.845297217 3.252102375 0.003292740 -0.029715857 -0.010391771 0.999498963
18.630000000 -1.013224721 -0.846891940 3.258181334 0.003270430 -0.029725159 -0.010418799 0.999498487
18.663387097 -1.015391231 -0.848296762 3.264190435 0.003200367 -0.029933058 -0.010299461 0.999493718
18.696774194 -1.017389894 -0.849762917 3.269711733 0.003152294 -0.030054297 -0.010321144 0.999490023
18.730161290 -1.019811392 -0.850934803 3.275171518 0.003345745 -0.029945197 -0.010362496 0.999492288
18.763548387 -1.021191716 -0.852295518 3.279472351 0.003168247 -0.030141324 -0.010427735 0.999486268
18.796935484 -1.023131132 -0.853546321 3.284501791 0.003221722 -0.030207997 -0.010362823 0.999484718
18.830322581 -1.025218487 -0.854716539 3.289843082 0.003278541 -0.030247578 -0.010505684 0.999481857
18.863709677 -1.028237581 -0.856551349 3.296090364 0.003217719 -0.030211547 -0.010509069 0.999483109
18.897096774 -1.029713154 -0.858051896 3.301513672 0.002900483 -0.030570740 -0.010221902 0.999476135
18.930483871 -1.031838655 -0.859233856 3.306808949 0.002994223 -0.030646328 -0.010352387 0.999472201
18.963870968 -1.034068942 -0.860295594 3.311785698 0.003180556 -0.030534085 -0.010499057 0.999473512
18.997258065 -1.035638928 -0.861807227 3.316095114 0.002891141 -0.030607414 -0.010428456 0.999472916
19.030645161 -1.037527204 -0.862812936 3.320749521 0.002956715 -0.030584970 -0.010406933 0.999473631
19.064032258 -1.039627314 -0.864047766 3.325591087 0.003022597 -0.030497767 -0.010534123 0.999474764
19.097419355 -1.041314363 -0.865071595 3.329822540 0.003073926 -0.030500790 -0.010590195 0.999473929
19.130806452 -1.043419600 -0.865907133 3.333916187 0.003105551 -0.030307064 -0.010482455 0.999480844
19.164193548 -1.044509292 -0.867348731 3.337872028 0.002871039 -0.030559544 -0.010466738 0.999474049
19.197580645 -1.046381354 -0.868229270 3.342148781 0.003024168 -0.030443434 -0.010559145 0.999476135
19.230967742 -1.047778249 -0.869534612 3.345751047 0.002780556 -0.030519495 -0.010542055 0.999474704
19.264354839 -1.049878478 -0.870563149 3.350746155 0.002970104 -0.030515792 -0.010650604 0.999473155
19.297741935 -1.051461220 -0.871814013 3.354509592 0.002711042 -0.030572064 -0.010583460 0.999472857
19.331129032 -1.052772999 -0.872773826 3.358210802 0.002677670 -0.030741243 -0.010492234 0.999468744
19.364516129 -1.054307938 -0.873476028 3.361577511 0.002804941 -0.030689742 -0.010668618 0.999468088
19.397903226 -1.055803180 -0.874794602 3.365057468 0.002631570 -0.030738611 -0.010790161 0.999465764
19.431290323 -1.057116628 -0.875239611 3.367832899 0.002675794 -0.030671922 -0.010664239 0.999469042
19.464677419 -1.057831287 -0.875826418 3.370394230 0.002772257 -0.030857272 -0.010834756 0.999461234
19.498064516 -1.059314609 -0.877121031 3.375476837 0.002578499 -0.031272899 -0.010621848 0.999451160
19.531451613 -1.060154080 -0.877634287 3.377428770 0.002537637 -0.031329785 -0.010532008 0.999450386
19.564838710 -1.061021328 -0.878298044 3.379559517 0.002449645 -0.031425126 -0.010706970 0.999445796
19.598225806 -1.061577916 -0.878792703 3.381322622 0.002341007 -0.031567257 -0.010634004 0.999442339
19.631612903 -1.062433362 -0.878940701 3.382889032 0.002455887 -0.031551249 -0.010667003 0.999442220
