1.969839 0.0000000 0.0000000 0.0000000 -0.0000000 -0.0000000 -0.0000000 1.0000000
2.337097 -0.0180453 -0.0157208 0.0590334 -0.0001696 0.0002651 0.0005467 0.9999998
2.403871 -0.0212174 -0.0185238 0.0698499 -0.0002220 0.0002347 0.0006887 0.9999997
2.570806 -0.0296097 -0.0258317 0.0986755 -0.0002190 0.0000344 0.0007474 0.9999997
2.604194 -0.0312838 -0.0272371 0.1039579 -0.0003346 0.0000897 0.0008457 0.9999996
2.670968 -0.0342559 -0.0302328 0.1150702 -0.0004479 -0.0000118 0.0007204 0.9999996
2.871290 -0.0434710 -0.0388004 0.1483062 -0.0004297 -0.0001041 0.0006903 0.9999997
2.904677 -0.0451311 -0.0402933 0.1542834 -0.0004262 -0.0001364 0.0007685 0.9999996
3.138387 -0.0565773 -0.0508336 0.1941701 -0.0004752 -0.0006590 0.0005866 0.9999995
3.271935 -0.0631691 -0.0563842 0.2157957 -0.0003980 -0.0009116 0.0002517 0.9999995
3.572419 -0.0769272 -0.0685624 0.2623290 -0.0003463 -0.0011893 -0.0003187 0.9999992
3.639194 -0.0797172 -0.0711174 0.2719371 -0.0003352 -0.0012149 -0.0003414 0.9999992
3.839516 -0.0881991 -0.0786744 0.3013531 -0.0003867 -0.0012565 -0.0005647 0.9999990
3.973065 -0.0933086 -0.0838872 0.3201625 -0.0004615 -0.0010710 -0.0006435 0.9999991
4.273548 -0.1058983 -0.0961232 0.3661746 -0.0006221 -0.0008669 -0.0009236 0.9999990
4.340323 -0.1088074 -0.0987730 0.3767350 -0.0006958 -0.0009149 -0.0009406 0.9999989
4.574032 -0.1189103 -0.1078018 0.4121180 -0.0009213 -0.0007809 -0.0013286 0.9999984
4.640806 -0.1215202 -0.1104864 0.4221883 -0.0011064 -0.0008508 -0.0013372 0.9999982
4.974677 -0.1366006 -0.1237881 0.4753537 -0.0017707 -0.0010151 -0.0012323 0.9999972
5.041452 -0.1397039 -0.1265478 0.4863394 -0.0018270 -0.0011271 -0.0012027 0.9999970
5.108226 -0.1425468 -0.1291876 0.4971447 -0.0018766 -0.0012627 -0.0010962 0.9999968
5.275161 -0.1502912 -0.1365515 0.5248603 -0.0021811 -0.0016031 -0.0008709 0.9999959
5.709194 -0.1718592 -0.1558527 0.6001455 -0.0020527 -0.0024729 -0.0009964 0.9999943
5.809355 -0.1771350 -0.1601066 0.6177532 -0.0019782 -0.0028190 -0.0009724 0.9999936
6.009677 -0.1880982 -0.1696271 0.6543783 -0.0020509 -0.0037933 -0.0008737 0.9999903
6.109839 -0.1938802 -0.1743562 0.6732102 -0.0019755 -0.0041675 -0.0008736 0.9999890
6.210000 -0.1995367 -0.1792217 0.6925772 -0.0019442 -0.0045185 -0.0008229 0.9999875
6.443710 -0.2125587 -0.1907112 0.7367973 -0.0016187 -0.0051381 -0.0009344 0.9999850
6.977903 -0.2429976 -0.2178302 0.8396759 -0.0009755 -0.0062990 -0.0010676 0.9999791
7.111452 -0.2500557 -0.2237135 0.8624511 -0.0008490 -0.0061706 -0.0012307 0.9999799
7.245000 -0.2570518 -0.2295822 0.8843361 -0.0008840 -0.0059501 -0.0013163 0.9999810
7.411935 -0.2655500 -0.2370567 0.9126915 -0.0008767 -0.0056367 -0.0014679 0.9999827
7.578871 -0.2742459 -0.2448920 0.9417750 -0.0010914 -0.0050532 -0.0015814 0.9999854
7.745806 -0.2829435 -0.2526304 0.9711248 -0.0012258 -0.0042570 -0.0017129 0.9999887
8.012903 -0.2972212 -0.2651837 1.0206716 -0.0015854 -0.0027213 -0.0017911 0.9999934
8.146452 -0.3042113 -0.2717843 1.0466619 -0.0018297 -0.0020817 -0.0018990 0.9999943
8.313387 -0.3127772 -0.2803591 1.0783058 -0.0021568 -0.0012134 -0.0019251 0.9999951
8.480323 -0.3215066 -0.2880064 1.1090761 -0.0020597 -0.0003025 -0.0018658 0.9999961
8.647258 -0.3303222 -0.2962024 1.1411937 -0.0021454 0.0003776 -0.0015552 0.9999964
8.814194 -0.3392493 -0.3039568 1.1720414 -0.0016345 0.0013822 -0.0014686 0.9999967
9.014516 -0.3501599 -0.3144944 1.2114692 -0.0013537 0.0023167 -0.0014428 0.9999954
9.181452 -0.3589249 -0.3233066 1.2448988 -0.0011622 0.0031837 -0.0012864 0.9999934
9.348387 -0.3679200 -0.3319395 1.2783417 -0.0008093 0.0036911 -0.0010142 0.9999924
9.515323 -0.3775207 -0.3416426 1.3131615 -0.0005333 0.0040276 -0.0009011 0.9999914
9.682258 -0.3874479 -0.3510798 1.3488926 0.0000414 0.0041927 -0.0007049 0.9999910
9.882581 -0.4001579 -0.3629213 1.3926352 0.0004349 0.0043812 -0.0005690 0.9999902
10.049516 -0.4111047 -0.3724762 1.4294900 0.0007994 0.0045489 -0.0005484 0.9999892
10.249839 -0.4236630 -0.3836600 1.4724540 0.0010420 0.0048624 -0.0007854 0.9999873
10.450161 -0.4357528 -0.3951451 1.5157123 0.0010137 0.0052780 -0.0006759 0.9999853
10.650484 -0.4480800 -0.4071170 1.5611142 0.0010807 0.0056391 -0.0006604 0.9999833
10.850806 -0.4607379 -0.4190135 1.6076101 0.0013872 0.0058300 -0.0005439 0.9999819
11.051129 -0.4726887 -0.4305452 1.6509873 0.0014133 0.0058759 -0.0003568 0.9999817
11.251452 -0.4843178 -0.4412411 1.6923378 0.0016483 0.0058031 -0.0005958 0.9999816
11.451774 -0.4958928 -0.4521007 1.7339835 0.0017215 0.0057707 -0.0006855 0.9999816
11.652097 -0.5081528 -0.4636063 1.7781264 0.0016981 0.0057182 -0.0007189 0.9999819
11.919194 -0.5235558 -0.4797228 1.8346819 0.0015647 0.0058635 -0.0007796 0.9999813
12.186290 -0.5397981 -0.4944214 1.8935094 0.0018632 0.0053433 -0.0005396 0.9999838
12.420000 -0.5549383 -0.5078031 1.9445500 0.0019887 0.0044813 -0.0009339 0.9999875
12.653710 -0.5705099 -0.5213237 1.9964077 0.0018945 0.0040660 -0.0011164 0.9999893
12.887419 -0.5849292 -0.5347019 2.0482972 0.0016707 0.0031362 -0.0011937 0.9999930
13.154516 -0.6018401 -0.5493888 2.1055102 0.0013897 0.0024908 -0.0012165 0.9999952
13.421613 -0.6188614 -0.5640180 2.1637416 0.0013402 0.0013267 -0.0015180 0.9999971
13.688710 -0.6374611 -0.5789170 2.2225506 0.0013752 -0.0006759 -0.0019869 0.9999968
13.955806 -0.6562986 -0.5943342 2.2810690 0.0010765 -0.0023177 -0.0022085 0.9999943
14.189516 -0.6728023 -0.6067639 2.3307834 0.0012522 -0.0035078 -0.0027907 0.9999892
14.490000 -0.6936554 -0.6230651 2.3942678 0.0013786 -0.0053767 -0.0034883 0.9999785
14.790484 -0.7160485 -0.6398708 2.4591537 0.0017731 -0.0074502 -0.0045023 0.9999605
15.090968 -0.7382748 -0.6557113 2.5218902 0.0020862 -0.0095927 -0.0052577 0.9999380
15.391452 -0.7604321 -0.6724214 2.5860097 0.0023693 -0.0114654 -0.0060461 0.9999132
15.691935 -0.7821600 -0.6891971 2.6483762 0.0025451 -0.0129438 -0.0068516 0.9998896
15.959032 -0.8035527 -0.7045780 2.7079988 0.0027058 -0.0147023 -0.0074720 0.9998603
16.259516 -0.8280985 -0.7216101 2.7757125 0.0030244 -0.0166595 -0.0081434 0.9998235
16.593387 -0.8547884 -0.7402186 2.8491273 0.0032569 -0.0187127 -0.0086327 0.9997823
16.860484 -0.8761472 -0.7551910 2.9064498 0.0034093 -0.0203643 -0.0090137 0.9997462
17.194355 -0.9027743 -0.7737640 2.9759920 0.0034918 -0.0227839 -0.0092847 0.9996912
17.494839 -0.9260002 -0.7891369 3.0356340 0.0035907 -0.0247464 -0.0095129 0.9996421
17.795323 -0.9500549 -0.8053776 3.0973768 0.0035769 -0.0262777 -0.0097203 0.9996010
18.095806 -0.9734251 -0.8214100 3.1584003 0.0034969 -0.0277464 -0.0100361 0.9995585
18.362903 -0.9950846 -0.8354442 3.2135155 0.0035600 -0.0289984 -0.0103870 0.9995192
18.630000 -1.0149640 -0.8484525 3.2628679 0.0030742 -0.0299587 -0.0104804 0.9994915
18.897097 -1.0310200 -0.8590381 3.3053043 0.0029313 -0.0307453 -0.0104175 0.9994687
19.130806 -1.0440021 -0.8671755 3.3374989 0.0028264 -0.0307886 -0.0104640 0.9994671
19.331129 -1.0530418 -0.8735350 3.3612244 0.0024928 -0.0312738 -0.0103311 0.9994544
19.598226 -1.0615779 -0.8787927 3.3813226 0.0023410 -0.0315673 -0.0106340 0.9994423
