# ORB-SLAM3 monocular per-frame trajectory, TUM format
# timestamp tx ty tz qx qy qz qw   (Twc: camera-to-world)
1.766666667 -0.022668522 -0.017815297 0.060589340 -0.003178238 0.000470444 0.000582915 0.999994695
1.800000000 -0.024006315 -0.018848853 0.064885996 -0.003261960 0.000285425 0.000517073 0.999994516
1.833333333 -0.024581414 -0.019958716 0.068160102 -0.003642194 -0.000025562 0.000300351 0.999993324
1.866666667 -0.025721237 -0.020956656 0.072063006 -0.003537363 -0.000233176 0.000267823 0.999993682
1.900000000 -0.027248170 -0.022299426 0.076399587 -0.003858380 -0.000440222 0.000184013 0.999992490
1.933333333 -0.028270641 -0.023199350 0.080878071 -0.003963916 -0.000918856 0.000281869 0.999991715
1.966666667 -0.029626673 -0.024274757 0.084770717 -0.004172739 -0.001130738 0.000218403 0.999990642
2.000000000 -0.031126695 -0.025226438 0.088572264 -0.004157652 -0.001169881 0.000088541 0.999990702
2.033333333 -0.032047339 -0.026247710 0.093119368 -0.004281728 -0.001609475 -0.000000196 0.999989569
2.066666667 -0.034368116 -0.027894812 0.096524753 -0.004789481 -0.001165333 -0.000130404 0.999987841
2.100000000 -0.036271166 -0.028763287 0.101171933 -0.004698841 -0.001143992 -0.000119656 0.999988317
2.133333333 -0.037703596 -0.029899830 0.105057679 -0.004879940 -0.001254947 -0.000140494 0.999987304
2.166666667 -0.039383203 -0.031105598 0.109274268 -0.005090576 -0.001239508 -0.000152706 0.999986291
2.200000000 -0.040694699 -0.032498319 0.113988593 -0.005347913 -0.001463717 -0.000300197 0.999984622
2.233333333 -0.042643022 -0.033549726 0.117792144 -0.005510407 -0.001233348 -0.000103581 0.999984026
2.266666667 -0.043634556 -0.034438759 0.121337183 -0.005645249 -0.001480425 0.000027138 0.999982953
2.300000000 -0.044887535 -0.035680663 0.125468791 -0.005937392 -0.001559681 -0.000053050 0.999981165
2.333333333 -0.046250243 -0.036751520 0.128141493 -0.006215318 -0.001390755 -0.000189640 0.999979734
2.366666667 -0.047540691 -0.037631463 0.131766349 -0.006397380 -0.001417814 -0.000070344 0.999978542
2.400000000 -0.048335742 -0.038486514 0.134881005 -0.006490733 -0.001660944 -0.000172608 0.999977589
2.433333333 -0.049650308 -0.039202325 0.138570517 -0.006522067 -0.001655530 -0.000168691 0.999977350
2.466666667 -0.050457451 -0.040292207 0.141736582 -0.006966661 -0.001886217 -0.000052014 0.999973953
2.500000000 -0.051722076 -0.041022155 0.145286649 -0.007028794 -0.001882570 -0.000085745 0.999973536
2.533333333 -0.052762821 -0.042150989 0.148497641 -0.007378801 -0.002021448 0.000064486 0.999970734
2.566666667 -0.053971540 -0.043049831 0.152032539 -0.007609459 -0.002061278 0.000027583 0.999968946
2.600000000 -0.055524454 -0.043672800 0.155605614 -0.007570338 -0.001783873 0.000095482 0.999969780
2.633333333 -0.056908235 -0.044821922 0.159250319 -0.007869772 -0.001832054 0.000082909 0.999967396
2.666666667 -0.058411404 -0.045654513 0.162575677 -0.007937876 -0.001593106 0.000228875 0.999967217
2.700000000 -0.060048204 -0.046783667 0.166971534 -0.008059684 -0.001586233 0.000103235 0.999966264
2.733333333 -0.061423101 -0.047822319 0.170802519 -0.008218608 -0.001554963 0.000315294 0.999964952
2.766666667 -0.062916413 -0.048935533 0.174776807 -0.008313599 -0.001568855 0.000197231 0.999964237
2.800000000 -0.064620607 -0.050131213 0.179630890 -0.008506698 -0.001697706 0.000192282 0.999962389
2.833333333 -0.066225253 -0.051210172 0.183744043 -0.008714409 -0.001815118 0.000191501 0.999960363
2.866666667 -0.067893103 -0.052370217 0.188214973 -0.008902669 -0.001887071 0.000310269 0.999958575
2.900000000 -0.069378220 -0.053677540 0.192293584 -0.009254424 -0.001985984 0.000321992 0.999955177
2.933333333 -0.070892312 -0.054802414 0.195953950 -0.009444970 -0.001977178 0.000314513 0.999953389
2.966666667 -0.072365299 -0.055965412 0.200473279 -0.009583416 -0.002092506 0.000277924 0.999951899
3.000000000 -0.073950768 -0.057072550 0.204921246 -0.009700387 -0.002206439 0.000388033 0.999950469
3.033333333 -0.075680323 -0.058202330 0.208982468 -0.009815329 -0.002106532 0.000334563 0.999949574
3.066666667 -0.077140100 -0.059606794 0.213256910 -0.010105119 -0.002341192 0.000525390 0.999946058
3.100000000 -0.078605503 -0.060338404 0.217365965 -0.009915015 -0.002350105 0.000349532 0.999948025
3.133333333 -0.079993486 -0.061461654 0.221525863 -0.010143640 -0.002469008 0.000388936 0.999945462
3.166666667 -0.081341535 -0.062567569 0.225292236 -0.010242694 -0.002531076 0.000324010 0.999944329
3.200000000 -0.082767367 -0.063593373 0.229391187 -0.010275594 -0.002575224 0.000132935 0.999943912
3.233333333 -0.084122464 -0.064564995 0.232862055 -0.010366939 -0.002567078 0.000151590 0.999942958
3.266666667 -0.085405096 -0.066004150 0.237096563 -0.010793101 -0.002861093 0.000424325 0.999937594
3.300000000 -0.087077238 -0.067067131 0.241121531 -0.010877687 -0.002815306 0.000286266 0.999936819
3.333333333 -0.088344336 -0.068092771 0.245872557 -0.010859936 -0.003043351 0.000111150 0.999936402
3.366666667 -0.089909516 -0.069151074 0.249304205 -0.010998144 -0.002880860 0.000163466 0.999935389
3.400000000 -0.091238342 -0.070181891 0.253532141 -0.010982036 -0.002967712 0.000112553 0.999935269
3.433333333 -0.092434637 -0.071478076 0.257392079 -0.011349653 -0.003139678 0.000233005 0.999930680
3.466666667 -0.093976334 -0.072435230 0.261551380 -0.011115422 -0.003070976 -0.000137809 0.999933541
3.500000000 -0.095464893 -0.073524661 0.265614331 -0.011232119 -0.003154404 -0.000099865 0.999931931
3.533333333 -0.096834607 -0.074583597 0.269572616 -0.011312484 -0.003251458 -0.000072339 0.999930739
3.566666667 -0.098014779 -0.075732857 0.273655981 -0.011420428 -0.003473760 0.000018976 0.999928772
3.600000000 -0.099557348 -0.076441161 0.276971668 -0.011241225 -0.003287474 -0.000248966 0.999931395
3.633333333 -0.100674264 -0.077648759 0.280597985 -0.011496483 -0.003444799 -0.000206607 0.999927998
3.666666667 -0.101922467 -0.078554653 0.284129143 -0.011301164 -0.003488798 -0.000359659 0.999930024
3.700000000 -0.103124917 -0.079542913 0.287671655 -0.011474592 -0.003612991 -0.000330959 0.999927580
3.733333333 -0.104379348 -0.080597810 0.291460693 -0.011500487 -0.003789430 -0.000225597 0.999926686
3.766666667 -0.105472296 -0.081498280 0.294408232 -0.011565599 -0.003851082 -0.000239784 0.999925673
3.800000000 -0.106746577 -0.082461081 0.297736347 -0.011592259 -0.003908875 -0.000391630 0.999925137
3.833333333 -0.108067736 -0.083132297 0.301410794 -0.011293207 -0.003969333 -0.000657685 0.999928176
3.866666667 -0.109233491 -0.083981134 0.304020166 -0.011373109 -0.004029454 -0.000614968 0.999927044
3.900000000 -0.110376142 -0.084868327 0.307890981 -0.011248253 -0.004298911 -0.000872397 0.999927163
3.933333333 -0.111546755 -0.085934222 0.311207533 -0.011353076 -0.004526359 -0.000858177 0.999924958
3.966666667 -0.112944223 -0.086746968 0.314837903 -0.011226696 -0.004675476 -0.000990142 0.999925554
4.000000000 -0.114064313 -0.087879181 0.318247527 -0.011371230 -0.005063311 -0.000969559 0.999922097
4.033333333 -0.115504667 -0.088816740 0.321669042 -0.011327055 -0.005268088 -0.001080903 0.999921381
4.066666667 -0.116916582 -0.089746840 0.325303644 -0.011184307 -0.005496342 -0.001322837 0.999921501
4.100000000 -0.118282773 -0.090581983 0.328956246 -0.011191971 -0.005798633 -0.001346683 0.999919653
4.133333333 -0.119592287 -0.091614805 0.332252234 -0.011280147 -0.006163190 -0.001484423 0.999916315
4.166666667 -0.121313453 -0.092543520 0.336294472 -0.011106580 -0.006471463 -0.001732882 0.999915898
4.200000000 -0.122669131 -0.093529522 0.339605749 -0.011128442 -0.006883205 -0.001906409 0.999912560
4.233333333 -0.124239028 -0.094399773 0.342772365 -0.011089563 -0.007101445 -0.001997646 0.999911308
4.266666667 -0.125679985 -0.095445424 0.346591711 -0.011094639 -0.007493635 -0.002115315 0.999908149
4.300000000 -0.127189428 -0.096494377 0.351081312 -0.010828274 -0.007941671 -0.002567610 0.999906540
4.333333333 -0.128714293 -0.097444832 0.354577422 -0.010758385 -0.008249130 -0.002688275 0.999904513
4.366666667 -0.130080074 -0.098761842 0.358601928 -0.010969751 -0.008758274 -0.002544300 0.999898255
4.400000000 -0.131514415 -0.099560320 0.362199455 -0.010704930 -0.009108607 -0.002922519 0.999896944
4.433333333 -0.132970631 -0.100490339 0.365546286 -0.010681801 -0.009451726 -0.003183045 0.999893248
4.466666667 -0.134570122 -0.101502679 0.369356573 -0.010625768 -0.009700476 -0.003119180 0.999891639
4.500000000 -0.136123344 -0.102393687 0.373323172 -0.010358591 -0.010113319 -0.003542940 0.999888957
4.533333333 -0.137549847 -0.103491530 0.377309263 -0.010294199 -0.010644192 -0.003809456 0.999883115
4.566666667 -0.138872355 -0.104417428 0.380573243 -0.010306100 -0.010971283 -0.003847031 0.999879360
4.600000000 -0.140518531 -0.105468661 0.384521157 -0.010162314 -0.011400790 -0.004139611 0.999874830
4.633333333 -0.142013386 -0.106656931 0.388293236 -0.010364991 -0.011962544 -0.004055444 0.999866545
4.666666667 -0.143594354 -0.108034447 0.392635912 -0.010404525 -0.012554378 -0.004296953 0.999857843
4.700000000 -0.145099074 -0.108953752 0.395876884 -0.010235519 -0.012950801 -0.004503017 0.999853611
4.733333333 -0.146928728 -0.110380150 0.401390642 -0.010120220 -0.013691589 -0.004870203 0.999843240
4.766666667 -0.148295060 -0.111471288 0.404270500 -0.010268454 -0.014138074 -0.004841608 0.999835610
4.800000000 -0.149975330 -0.112453200 0.408819050 -0.010087381 -0.014837194 -0.005294155 0.999825060
4.833333333 -0.151741698 -0.113551579 0.413571030 -0.009827058 -0.015495214 -0.005742591 0.999815166
4.866666667 -0.153063223 -0.114845455 0.416732550 -0.010024566 -0.016086498 -0.005743116 0.999803841
4.900000000 -0.154730678 -0.115616135 0.420810342 -0.009634975 -0.016731201 -0.006172853 0.999794543
4.933333333 -0.156399205 -0.116991699 0.425314277 -0.009759091 -0.017623175 -0.006489377 0.999776006
4.966666667 -0.157836080 -0.117975995 0.428430378 -0.009829423 -0.018272102 -0.006508795 0.999763548
5.000000000 -0.159457028 -0.118913539 0.432403713 -0.009586339 -0.019023733 -0.007068608 0.999748111
5.033333333 -0.161202356 -0.120231248 0.437120080 -0.009695477 -0.020006089 -0.007223397 0.999726772
5.066666667 -0.162479565 -0.121232785 0.440470606 -0.009587220 -0.020814709 -0.007573826 0.999708712
5.100000000 -0.164130673 -0.122067094 0.443993628 -0.009361585 -0.021525241 -0.008074535 0.999691904
5.133333333 -0.165811747 -0.122957505 0.447707891 -0.009088508 -0.022323344 -0.008689034 0.999671757
5.166666667 -0.167487025 -0.124012731 0.451706171 -0.008967510 -0.023272691 -0.009239608 0.999646246
5.200000000 -0.169136301 -0.124964461 0.456124365 -0.008735547 -0.024406338 -0.009457175 0.999619246
5.233333333 -0.170894951 -0.126044378 0.460380763 -0.008535706 -0.025388882 -0.010095180 0.999590218
5.266666667 -0.172678173 -0.127173290 0.464668721 -0.008415892 -0.026433164 -0.010475935 0.999560297
5.300000000 -0.174097016 -0.128191695 0.467930347 -0.008502022 -0.027498862 -0.010698402 0.999528408
5.333333333 -0.175952777 -0.129329607 0.473697275 -0.008208698 -0.029083977 -0.011344437 0.999478877
5.366666667 -0.178029805 -0.130299523 0.478024781 -0.007731017 -0.030226931 -0.012420527 0.999436021
5.400000000 -0.179550692 -0.131276220 0.481830835 -0.007827272 -0.031857576 -0.012575711 0.999382675
5.433333333 -0.181751773 -0.132454529 0.485478878 -0.007883623 -0.033196311 -0.013014771 0.999333024
5.466666667 -0.183424398 -0.133739859 0.489772469 -0.007885021 -0.034946177 -0.013392814 0.999268353
5.500000000 -0.185282394 -0.135150179 0.494978607 -0.007974294 -0.036799237 -0.013634106 0.999197841
5.533333333 -0.187276095 -0.136420041 0.499179959 -0.007874676 -0.038161870 -0.014285547 0.999138474
5.566666667 -0.189214095 -0.136814207 0.504281700 -0.006898023 -0.039584152 -0.015762527 0.999068081
5.600000000 -0.190540493 -0.137421727 0.507422268 -0.006759599 -0.041011881 -0.016121514 0.999005735
5.633333333 -0.192090765 -0.138625130 0.511162639 -0.006824370 -0.042413268 -0.016432740 0.998941720
5.666666667 -0.194342166 -0.139661297 0.515564263 -0.006422708 -0.043663837 -0.017254855 0.998876631
5.700000000 -0.196063980 -0.140702173 0.518989682 -0.006719674 -0.045076530 -0.017017717 0.998815954
5.733333333 -0.197784945 -0.142058834 0.523290694 -0.006688609 -0.046659548 -0.017764755 0.998730481
5.766666667 -0.199723765 -0.142972544 0.527946711 -0.006336781 -0.048023429 -0.018666122 0.998651683
5.800000000 -0.200925514 -0.143818483 0.530615211 -0.006161417 -0.049242120 -0.019480428 0.998577893
5.833333333 -0.203315079 -0.145543501 0.536048532 -0.006268144 -0.050874572 -0.019673156 0.998491585
5.866666667 -0.205587432 -0.146505356 0.539981782 -0.006170373 -0.052176613 -0.019999124 0.998418570
5.900000000 -0.207407981 -0.147773966 0.544214547 -0.006254714 -0.053906217 -0.020265846 0.998320758
5.933333333 -0.209368095 -0.148721501 0.548829675 -0.005701526 -0.055311438 -0.021434441 0.998222828
5.966666667 -0.211379707 -0.149570286 0.553340733 -0.005026794 -0.056813840 -0.022676256 0.998114586
6.000000000 -0.212947264 -0.151530340 0.557300329 -0.006135209 -0.058936443 -0.022048360 0.997999370
6.033333333 -0.215576664 -0.153102294 0.562515259 -0.006275516 -0.060657073 -0.022506939 0.997885168
6.066666667 -0.217704087 -0.153923199 0.565755904 -0.006144678 -0.062215734 -0.022644388 0.997786939
6.100000000 -0.219510078 -0.155370012 0.571622014 -0.005718706 -0.064175844 -0.024050815 0.997632384
6.133333333 -0.221756339 -0.156594455 0.575312138 -0.006034288 -0.066067778 -0.023938287 0.997509718
6.166666667 -0.223747596 -0.158190250 0.579405427 -0.006398645 -0.068269730 -0.024267279 0.997351170
6.200000000 -0.226042494 -0.159779608 0.584676981 -0.006650856 -0.070606694 -0.024486991 0.997181475
6.233333333 -0.229014784 -0.160335392 0.589596272 -0.005595439 -0.072032884 -0.026214950 0.997042000
6.266666667 -0.231216997 -0.161653131 0.593785822 -0.005775334 -0.074251644 -0.026800187 0.996862650
6.300000000 -0.233710691 -0.162668198 0.598066866 -0.005351095 -0.076165736 -0.027754975 0.996694446
6.333333333 -0.236283243 -0.163390785 0.603297412 -0.004702468 -0.078099221 -0.029011639 0.996512294
6.366666667 -0.238688186 -0.164579198 0.606767416 -0.004871355 -0.079952650 -0.029622462 0.996346533
6.400000000 -0.241458684 -0.166144744 0.611940444 -0.004724971 -0.081958912 -0.030531622 0.996156752
6.433333333 -0.243960023 -0.167243138 0.616305351 -0.004555113 -0.083730690 -0.031296331 0.995986462
6.466666667 -0.246238917 -0.168409467 0.620529175 -0.004331718 -0.085688457 -0.031978689 0.995799243
6.500000000 -0.248334140 -0.169233859 0.624495268 -0.003716317 -0.087310620 -0.033457708 0.995612204
6.533333333 -0.252427340 -0.170312047 0.631699324 -0.003188574 -0.089200504 -0.034186397 0.995421708
6.566666667 -0.254842699 -0.170932546 0.635359108 -0.002686644 -0.090923116 -0.035037044 0.995237768
6.600000000 -0.257724553 -0.171900779 0.638650119 -0.002417415 -0.092250966 -0.036164965 0.995075881
6.633333333 -0.260683775 -0.173859566 0.646263719 -0.002716789 -0.095128588 -0.036226254 0.994801939
6.666666667 -0.263573021 -0.175186947 0.650792420 -0.002224768 -0.096612707 -0.038031708 0.994592667
6.700000000 -0.266084909 -0.176191881 0.653972745 -0.002368301 -0.098174974 -0.038487166 0.994421840
6.733333333 -0.268954575 -0.177267969 0.659715235 -0.001696418 -0.100193970 -0.039834943 0.994168758
6.766666667 -0.272024482 -0.178505778 0.664796352 -0.001578150 -0.102096193 -0.040442880 0.993950844
6.800000000 -0.276649833 -0.178587213 0.670737207 -0.000061535 -0.103196912 -0.042138018 0.993767977
6.833333333 -0.279505670 -0.179365471 0.674937487 0.000429170 -0.104966730 -0.043328725 0.993531287
6.866666667 -0.282638937 -0.180887461 0.679924190 0.000485839 -0.106866516 -0.043829769 0.993306756
6.900000000 -0.285684049 -0.181801081 0.684316099 0.000847121 -0.108568542 -0.044616330 0.993086874
6.933333333 -0.289584517 -0.182453617 0.689394116 0.001509866 -0.110027850 -0.045974135 0.992863536
6.966666667 -0.293011129 -0.183408409 0.694912612 0.002283093 -0.111647740 -0.047523707 0.992608190
7.000000000 -0.295868129 -0.184211239 0.698209703 0.002475909 -0.113178857 -0.048015777 0.992410660
7.033333333 -0.299106151 -0.185232386 0.702572227 0.002790988 -0.114865959 -0.048781730 0.992178619
7.066666667 -0.302287400 -0.186020046 0.707641721 0.003370772 -0.116696410 -0.049822301 0.991911471
7.100000000 -0.305098087 -0.187136620 0.712107718 0.003597264 -0.118535653 -0.050574355 0.991654456
7.133333333 -0.309686571 -0.188319936 0.718499660 0.003967111 -0.120254055 -0.051440779 0.991401613
7.166666667 -0.313339710 -0.189616278 0.724275231 0.004355797 -0.121995568 -0.052666798 0.991122782
7.200000000 -0.316407681 -0.190368891 0.727760136 0.004749990 -0.123278365 -0.053192403 0.990934134
7.233333333 -0.319673836 -0.191815525 0.732330561 0.004560860 -0.125200018 -0.053791959 0.990661681
7.266666667 -0.324959159 -0.192724720 0.738988757 0.005319539 -0.126575291 -0.054696620 0.990433633
7.300000000 -0.328260034 -0.193189204 0.743694305 0.006220163 -0.128148869 -0.055861808 0.990160942
7.333333333 -0.331800640 -0.194510385 0.747753978 0.006047297 -0.129606143 -0.056003053 0.989964306
7.366666667 -0.335164607 -0.195453614 0.752640605 0.006323390 -0.131290317 -0.056720518 0.989699781
7.400000000 -0.338374555 -0.197262317 0.757138073 0.005916328 -0.133033335 -0.057263792 0.989438236
7.433333333 -0.342089325 -0.198771074 0.761222839 0.005622189 -0.134397209 -0.057537377 0.989239752
7.466666667 -0.345675290 -0.199489191 0.767389059 0.006527623 -0.136223450 -0.058953833 0.988900900
7.500000000 -0.350150168 -0.200646982 0.772506237 0.006753846 -0.137399301 -0.059426092 0.988708436
7.533333333 -0.353630245 -0.201324180 0.778254330 0.007704608 -0.138923019 -0.060742557 0.988408506
7.566666667 -0.357862592 -0.202996418 0.783334315 0.007366050 -0.140389770 -0.060506865 0.988218307
7.600000000 -0.361344665 -0.204016030 0.787772655 0.007678434 -0.141648382 -0.061167788 0.987995625
7.633333333 -0.365686297 -0.205426574 0.793382108 0.007597434 -0.143067658 -0.061738145 0.987756252
7.666666667 -0.368742079 -0.206138432 0.797452748 0.008547010 -0.144114897 -0.063176617 0.987505257
7.700000000 -0.372619450 -0.207284674 0.802155793 0.008440292 -0.145412043 -0.063624904 0.987287164
7.733333333 -0.376833409 -0.208294034 0.806918085 0.009175040 -0.146439567 -0.064104691 0.987097681
7.766666667 -0.379378885 -0.208799630 0.808082879 0.008889167 -0.147259921 -0.064241759 0.986969352
7.800000000 -0.384140193 -0.211106762 0.815943301 0.008958070 -0.148898304 -0.064595774 0.986699760
7.833333333 -0.389068127 -0.210732967 0.821644664 0.010947191 -0.149369806 -0.066839010 0.986459017
7.866666667 -0.392800152 -0.211887836 0.826493502 0.011186355 -0.150550783 -0.067231029 0.986250103
7.900000000 -0.396604151 -0.213214397 0.830598056 0.011259445 -0.151483387 -0.067839928 0.986064792
7.933333333 -0.400082350 -0.214089319 0.834885895 0.011544246 -0.152607888 -0.068167672 0.985865474
7.966666667 -0.404690802 -0.215783596 0.840529382 0.011400144 -0.153722033 -0.068472579 0.985672951
8.000000000 -0.408677697 -0.217025191 0.845382094 0.011484171 -0.154718235 -0.068506271 0.985513687
8.033333333 -0.412788033 -0.218189374 0.850195408 0.011603298 -0.155767277 -0.069033392 0.985310316
8.066666667 -0.416697115 -0.219078720 0.855152965 0.012033168 -0.156830385 -0.069784470 0.985083520
8.100000000 -0.420780301 -0.220619008 0.859541059 0.011692443 -0.157978296 -0.069709562 0.984909534
8.133333333 -0.424490064 -0.221411929 0.863507450 0.012052818 -0.158748537 -0.070628338 0.984715879
8.166666667 -0.428397626 -0.222447798 0.868469775 0.012373435 -0.159789041 -0.071191058 0.984503031
8.200000000 -0.432062238 -0.223599032 0.872075319 0.012265469 -0.160590425 -0.071280621 0.984367490
8.233333333 -0.435860276 -0.224480107 0.876697242 0.012624854 -0.161491483 -0.071763232 0.984180450
8.266666667 -0.439943224 -0.226096705 0.881577253 0.012478833 -0.162415788 -0.072092779 0.984006107
8.300000000 -0.443645209 -0.227494776 0.885859609 0.012236217 -0.163260400 -0.072172515 0.983863533
8.333333333 -0.448394984 -0.228615731 0.891569018 0.012892112 -0.163864449 -0.072953731 0.983697116
8.366666667 -0.452388823 -0.229479164 0.896121562 0.013193743 -0.164408207 -0.073283277 0.983577907
8.400000000 -0.455836087 -0.230987012 0.900455654 0.013171426 -0.165169120 -0.073724553 0.983417690
8.433333333 -0.459982544 -0.232063517 0.904486060 0.013231164 -0.165510446 -0.073973894 0.983340800
8.466666667 -0.463714004 -0.233658716 0.909815073 0.013193694 -0.166448668 -0.074106053 0.983173013
8.500000000 -0.467686653 -0.234366477 0.913232982 0.013786997 -0.166572645 -0.074120343 0.983142734
8.533333333 -0.471732050 -0.236994594 0.919147432 0.012854150 -0.167588875 -0.073777638 0.983008444
8.566666667 -0.475801766 -0.238178730 0.924067974 0.012788478 -0.168201059 -0.074027121 0.982886016
8.600000000 -0.479710549 -0.239748627 0.928057373 0.012575075 -0.168570578 -0.074290209 0.982805610
8.633333333 -0.484116226 -0.240695044 0.933522820 0.013157013 -0.169069380 -0.074763134 0.982676446
8.666666667 -0.487340420 -0.241769746 0.937259793 0.013250849 -0.169418365 -0.074891984 0.982605278
8.700000000 -0.491640687 -0.242867380 0.941673398 0.013497237 -0.169601187 -0.074875943 0.982571602
8.733333333 -0.495955110 -0.244529173 0.946744442 0.013116441 -0.170185030 -0.074706540 0.982488632
8.766666667 -0.499683619 -0.245550841 0.950617731 0.013282906 -0.170435280 -0.074840538 0.982432842
8.800000000 -0.503730655 -0.247039601 0.954244792 0.013147572 -0.170418769 -0.074708901 0.982447565
8.833333333 -0.507896781 -0.248990178 0.960188091 0.012945487 -0.171313882 -0.075015455 0.982271194
8.866666667 -0.511934519 -0.249993056 0.964553475 0.013277874 -0.171610564 -0.075028598 0.982213974
8.900000000 -0.515625060 -0.251518399 0.969558179 0.013219934 -0.172289565 -0.075051852 0.982094109
8.933333333 -0.519504428 -0.253156155 0.974115252 0.013171444 -0.172770232 -0.075060703 0.982009649
8.966666667 -0.523616910 -0.254521966 0.978755355 0.013166957 -0.173118830 -0.075120166 0.981943727
9.000000000 -0.527432024 -0.255904138 0.983319819 0.013081395 -0.173460409 -0.075207725 0.981877863
9.033333333 -0.531059563 -0.256628066 0.986477971 0.013533312 -0.173304260 -0.075543679 0.981873572
9.066666667 -0.534703791 -0.258257002 0.990747094 0.013147592 -0.173587382 -0.075314626 0.981846392
9.100000000 -0.537849844 -0.259625822 0.994300604 0.012875095 -0.173873320 -0.075229064 0.981805921
9.133333333 -0.542868018 -0.260897070 1.001630664 0.013627804 -0.174383342 -0.075807177 0.981660843
9.166666667 -0.546497583 -0.262686253 1.006489038 0.013417355 -0.174836740 -0.075914614 0.981574774
9.200000000 -0.550166011 -0.263662130 1.010561109 0.013457728 -0.175058693 -0.075792052 0.981544137
9.233333333 -0.553084135 -0.264436722 1.012645483 0.013427048 -0.174781129 -0.075863250 0.981588542
9.266666667 -0.556888819 -0.266140848 1.017688155 0.013211500 -0.175329357 -0.075800128 0.981498539
9.300000000 -0.560832620 -0.267697960 1.022927642 0.013356692 -0.175901905 -0.075859942 0.981389523
9.333333333 -0.564410865 -0.268811941 1.027226090 0.013350990 -0.176545039 -0.076020412 0.981261671
9.366666667 -0.567236364 -0.269612283 1.029211521 0.013218808 -0.176545680 -0.075834371 0.981277764
9.400000000 -0.571086824 -0.271036655 1.033494830 0.013188815 -0.176875859 -0.075553998 0.981240392
9.433333333 -0.574424088 -0.271925360 1.037021875 0.013361692 -0.176897928 -0.075777777 0.981216788
9.466666667 -0.577712417 -0.273157805 1.040863633 0.013142667 -0.177286014 -0.075606845 0.981162906
9.500000000 -0.581360757 -0.274549395 1.044176459 0.012692234 -0.177402049 -0.075339787 0.981168330
9.533333333 -0.584299564 -0.275715917 1.048572063 0.012906499 -0.178480580 -0.075630255 0.980947614
9.566666667 -0.587295115 -0.276523083 1.051010609 0.012796503 -0.178376749 -0.075507857 0.980977356
9.600000000 -0.590843499 -0.277981013 1.055070400 0.012440178 -0.178717509 -0.075282864 0.980937243
9.633333333 -0.594355106 -0.278816432 1.058673263 0.012617191 -0.178764880 -0.075260945 0.980928004
9.666666667 -0.597329676 -0.279732555 1.061624289 0.012408881 -0.178838283 -0.075176641 0.980923772
9.700000000 -0.600558996 -0.280641198 1.065194488 0.012714635 -0.179035589 -0.075266704 0.980876982
9.733333333 -0.603782892 -0.282029927 1.068640351 0.012165153 -0.179659083 -0.075300314 0.980767310
9.766666667 -0.606893420 -0.282696575 1.071750283 0.012449163 -0.179622963 -0.075292632 0.980770946
9.800000000 -0.609985232 -0.283666819 1.075001478 0.012346140 -0.179737031 -0.075040080 0.980770707
9.833333333 -0.612696350 -0.284759462 1.077046990 0.011901795 -0.179490879 -0.074863724 0.980834782
9.866666667 -0.616244614 -0.286346018 1.082190275 0.011766793 -0.180123478 -0.074751772 0.980728924
9.900000000 -0.618965149 -0.287452012 1.085313082 0.011644222 -0.180831298 -0.074882016 0.980590224
9.933333333 -0.621790707 -0.288046330 1.087988853 0.011956326 -0.180631146 -0.075003050 0.980614066
9.966666667 -0.625125170 -0.288945794 1.091303229 0.011774776 -0.180611476 -0.074702539 0.980642855
10.000000000 -0.627944231 -0.289841801 1.093689084 0.011453959 -0.180463478 -0.074215062 0.980710924
10.033333333 -0.631396294 -0.290958256 1.097272992 0.011349582 -0.180399075 -0.074002936 0.980740011
10.066666667 -0.634158850 -0.291510344 1.100060701 0.011735375 -0.180581957 -0.074432962 0.980669260
10.100000000 -0.637967229 -0.293223888 1.105219483 0.011358295 -0.181095466 -0.074072629 0.980606318
10.133333333 -0.641334057 -0.294107109 1.108384967 0.011368023 -0.180967286 -0.073889419 0.980643630
10.166666667 -0.644833624 -0.295087308 1.111748457 0.011477367 -0.180765346 -0.073834844 0.980683744
10.200000000 -0.647897780 -0.296205252 1.115115404 0.011440189 -0.180726007 -0.073730141 0.980699301
10.233333333 -0.652234972 -0.297399700 1.119751692 0.011454924 -0.180805683 -0.073709212 0.980686009
10.266666667 -0.655511439 -0.297968239 1.123356700 0.012252962 -0.180783167 -0.073838346 0.980670810
10.300000000 -0.658730805 -0.299681485 1.125909090 0.010896367 -0.180491984 -0.073140308 0.980792761
10.333333333 -0.662351191 -0.300305903 1.130067229 0.011627381 -0.180412129 -0.073326230 0.980785191
10.366666667 -0.665399253 -0.301580608 1.133365393 0.011174143 -0.180436388 -0.073137954 0.980800033
10.400000000 -0.669139266 -0.302878141 1.137047887 0.010829241 -0.180308536 -0.072594985 0.980867743
10.433333333 -0.670834422 -0.303152353 1.139683127 0.011789503 -0.180963829 -0.073435314 0.980673432
10.466666667 -0.674075365 -0.304358631 1.143421054 0.011554064 -0.181077585 -0.073276848 0.980667055
10.500000000 -0.677101195 -0.305180490 1.146358490 0.011533015 -0.180911466 -0.073020101 0.980717123
10.533333333 -0.679788470 -0.306259125 1.149172306 0.011284764 -0.180803776 -0.072917908 0.980747521
10.566666667 -0.682812989 -0.307304025 1.152251720 0.011051287 -0.180677801 -0.072617032 0.980795681
10.600000000 -0.685885608 -0.308221102 1.155307055 0.010933080 -0.180489928 -0.072390802 0.980848312
10.633333333 -0.689634621 -0.309440523 1.159712434 0.011240133 -0.180541188 -0.073049843 0.980786562
10.666666667 -0.692591369 -0.310625732 1.163160563 0.010767152 -0.180595845 -0.072861686 0.980795860
10.700000000 -0.695362568 -0.311232150 1.165707588 0.011118050 -0.180272624 -0.072829686 0.980853736
10.733333333 -0.698369324 -0.312364340 1.168481946 0.010513071 -0.180036753 -0.072547302 0.980924606
10.766666667 -0.700964451 -0.312978178 1.170477629 0.010618519 -0.179452375 -0.072365120 0.981044054
10.800000000 -0.704317331 -0.314337492 1.175091386 0.010691110 -0.179952383 -0.072633021 0.980931878
10.833333333 -0.706723869 -0.315487236 1.177615523 0.010119095 -0.179914355 -0.072240606 0.980973899
10.866666667 -0.709180117 -0.316221744 1.180076957 0.010094319 -0.179688752 -0.072055742 0.981029093
10.900000000 -0.711775124 -0.317381799 1.183412910 0.009858673 -0.179888219 -0.071982481 0.981000304
10.933333333 -0.714656353 -0.318115979 1.186035633 0.009775829 -0.179400623 -0.071626626 0.981116414
10.966666667 -0.716554105 -0.319075674 1.189302206 0.010073334 -0.180341840 -0.072248295 0.980895281
11.000000000 -0.719283700 -0.319942892 1.191778421 0.009896654 -0.179935649 -0.071958095 0.980993032
11.033333333 -0.721682549 -0.321200788 1.194557190 0.009401478 -0.179941788 -0.071882747 0.981002271
11.066666667 -0.724208474 -0.322149992 1.196781397 0.009063185 -0.179534182 -0.071575806 0.981102586
11.100000000 -0.726547480 -0.322545052 1.198860288 0.009231000 -0.179029867 -0.071205892 0.981220067
11.133333333 -0.730693996 -0.324239492 1.205283880 0.009538743 -0.179905564 -0.071919478 0.981004894
11.166666667 -0.733105659 -0.325116634 1.207622886 0.009365529 -0.179589227 -0.071763396 0.981075943
11.200000000 -0.735420704 -0.325710654 1.209699154 0.009391556 -0.179183573 -0.071621872 0.981160223
11.233333333 -0.737777591 -0.326710820 1.212579608 0.009138576 -0.179230019 -0.071513407 0.981162012
11.266666667 -0.740070939 -0.327380955 1.214622378 0.009148994 -0.178801373 -0.071310028 0.981254995
11.300000000 -0.743666947 -0.329031497 1.219734311 0.009021084 -0.179548681 -0.071715035 0.981090188
11.333333333 -0.746089458 -0.329505265 1.222047806 0.009249967 -0.179180771 -0.071507826 0.981170416
11.366666667 -0.748267949 -0.330380619 1.224541545 0.008981377 -0.179092407 -0.071331479 0.981201828
11.400000000 -0.750403941 -0.331040025 1.226940393 0.009169372 -0.178843886 -0.071382180 0.981241822
11.433333333 -0.752540767 -0.331683129 1.229265928 0.009135885 -0.178579509 -0.071057983 0.981313765
11.466666667 -0.754974902 -0.332457840 1.232874393 0.009604896 -0.179112837 -0.071641967 0.981169581
11.500000000 -0.756788015 -0.333169580 1.234856248 0.009429914 -0.178981990 -0.071600899 0.981198192
11.533333333 -0.758701384 -0.333699226 1.237169623 0.009508839 -0.178907096 -0.071491107 0.981219053
11.566666667 -0.760644019 -0.334476024 1.239274025 0.009305359 -0.178770795 -0.071304791 0.981259465
11.600000000 -0.762252331 -0.335011542 1.241192937 0.009397704 -0.178635955 -0.071350895 0.981279731
11.633333333 -0.763944328 -0.335517079 1.243181944 0.009357037 -0.178556845 -0.071183108 0.981306732
11.666666667 -0.766745031 -0.336191595 1.246776342 0.010114216 -0.178747669 -0.071855515 0.981215477
11.700000000 -0.768148541 -0.336586297 1.248225331 0.010025895 -0.178574294 -0.071594596 0.981266975
11.733333333 -0.769629657 -0.337222517 1.249982357 0.009870163 -0.178492457 -0.071490109 0.981291115
11.766666667 -0.771213651 -0.337737352 1.251728177 0.009799801 -0.178282723 -0.071395896 0.981336772
11.800000000 -0.772774279 -0.338325500 1.253728271 0.009745477 -0.178279236 -0.071313575 0.981343985
11.833333333 -0.774817228 -0.339051694 1.256299257 0.009846522 -0.178388938 -0.071635514 0.981299579
11.866666667 -0.776574850 -0.339568138 1.258193612 0.009834635 -0.178210765 -0.071537703 0.981339157
11.900000000 -0.778191090 -0.340070128 1.260075569 0.009754528 -0.178176701 -0.071305633 0.981363058
11.933333333 -0.779959917 -0.340801150 1.261853933 0.009570377 -0.177873448 -0.071332298 0.981417954
11.966666667 -0.781617701 -0.341328830 1.263810515 0.009486169 -0.177828729 -0.071157232 0.981439531
12.000000000 -0.783161104 -0.341806114 1.265535712 0.009559727 -0.177652180 -0.071144886 0.981471717
12.033333333 -0.784601092 -0.342620909 1.267712831 0.009502128 -0.178175464 -0.071516953 0.981350362
12.066666667 -0.785972297 -0.342957765 1.269337416 0.009628280 -0.178032845 -0.071382724 0.981384814
12.100000000 -0.787477016 -0.344015121 1.270605326 0.008780167 -0.177671298 -0.071181394 0.981472909
12.133333333 -0.788930476 -0.344717503 1.271959901 0.008307048 -0.177482009 -0.070925705 0.981529772
12.166666667 -0.790100038 -0.345097214 1.273700118 0.008401659 -0.177622706 -0.070914708 0.981504321
12.200000000 -0.791462243 -0.345989317 1.275383711 0.007797654 -0.177622959 -0.070843592 0.981514394
12.233333333 -0.792936027 -0.346459121 1.276593685 0.007521147 -0.177442178 -0.070826545 0.981550455
12.266666667 -0.794397175 -0.346658826 1.278131962 0.007914923 -0.177040517 -0.070880421 0.981616020
12.300000000 -0.795631170 -0.347138286 1.279890299 0.007999339 -0.177104354 -0.070955023 0.981598437
12.333333333 -0.797019839 -0.347547352 1.281123877 0.007829452 -0.176760077 -0.070723251 0.981678605
12.366666667 -0.798335731 -0.348146617 1.282679796 0.007551309 -0.176618114 -0.070553213 0.981718540
12.400000000 -0.799802303 -0.348574132 1.284130335 0.007557052 -0.176252887 -0.070465378 0.981790423
12.433333333 -0.800165653 -0.348651350 1.285123348 0.008127274 -0.176584572 -0.071050979 0.981684089
12.466666667 -0.801199794 -0.349336863 1.286484718 0.007724022 -0.176633462 -0.070925325 0.981687605
12.500000000 -0.802391887 -0.349671423 1.287609100 0.007656552 -0.176348671 -0.070833646 0.981745958
12.533333333 -0.803384304 -0.349901676 1.288673639 0.007721601 -0.176210731 -0.070730470 0.981777668
12.566666667 -0.804368794 -0.350327581 1.289732814 0.007546887 -0.176095888 -0.070680633 0.981803238
12.600000000 -0.806015134 -0.350585520 1.291525960 0.008083551 -0.175983325 -0.071113266 0.981787860
12.633333333 -0.806840062 -0.350890815 1.292478204 0.007980713 -0.175911888 -0.071053244 0.981805861
12.666666667 -0.807481170 -0.351049274 1.293101072 0.007999063 -0.175682634 -0.070897646 0.981858015
