0.000000 0.0000000 0.0000000 0.0000000 -0.0000000 -0.0000000 -0.0000000 1.0000000
1.766667 -0.0215365 -0.0171626 0.0593411 -0.0031017 0.0004092 0.0005552 0.9999949
1.833333 -0.0238430 -0.0191224 0.0664189 -0.0035235 0.0001007 0.0005839 0.9999936
1.900000 -0.0267886 -0.0211619 0.0740901 -0.0036788 -0.0000907 0.0005558 0.9999931
1.966667 -0.0296691 -0.0232536 0.0819258 -0.0040492 -0.0003122 0.0005914 0.9999916
2.100000 -0.0360095 -0.0277342 0.0979532 -0.0046797 -0.0004877 0.0005009 0.9999888
2.233333 -0.0419647 -0.0323282 0.1140413 -0.0054185 -0.0006441 0.0003971 0.9999850
2.466667 -0.0504106 -0.0389376 0.1375925 -0.0067983 -0.0007607 0.0003898 0.9999765
2.833333 -0.0656385 -0.0502199 0.1796525 -0.0088058 -0.0010795 0.0003859 0.9999606
2.900000 -0.0688637 -0.0525751 0.1881924 -0.0092741 -0.0012121 0.0005308 0.9999561
3.033333 -0.0752257 -0.0570423 0.2050454 -0.0097591 -0.0013351 0.0004512 0.9999514
3.300000 -0.0866035 -0.0657362 0.2369650 -0.0106407 -0.0019100 0.0002459 0.9999415
3.466667 -0.0933132 -0.0709717 0.2569945 -0.0109679 -0.0021941 0.0000725 0.9999375
3.800000 -0.1062646 -0.0811578 0.2937849 -0.0113079 -0.0029648 -0.0004235 0.9999316
3.900000 -0.1098799 -0.0836069 0.3039837 -0.0109536 -0.0033972 -0.0009173 0.9999338
4.133333 -0.1191381 -0.0905121 0.3292454 -0.0110367 -0.0054326 -0.0014006 0.9999233
4.233333 -0.1238219 -0.0933885 0.3404606 -0.0107600 -0.0064913 -0.0019528 0.9999192
4.466667 -0.1341498 -0.1004744 0.3672199 -0.0102253 -0.0090761 -0.0030776 0.9999018
4.666667 -0.1432977 -0.1070810 0.3911732 -0.0100020 -0.0121132 -0.0041935 0.9998679
4.866667 -0.1531960 -0.1135500 0.4162220 -0.0090209 -0.0155267 -0.0061881 0.9998196
5.100000 -0.1646974 -0.1208092 0.4445770 -0.0080017 -0.0209044 -0.0089517 0.9997094
5.200000 -0.1696671 -0.1240742 0.4565179 -0.0077659 -0.0238548 -0.0100401 0.9996349
5.333333 -0.1765713 -0.1283570 0.4738182 -0.0071225 -0.0283770 -0.0121381 0.9994982
5.466667 -0.1841395 -0.1326380 0.4908787 -0.0065701 -0.0344169 -0.0142194 0.9992848
5.866667 -0.2080301 -0.1459240 0.5447298 -0.0042227 -0.0515151 -0.0217169 0.9984272
6.000000 -0.2160311 -0.1506355 0.5611851 -0.0039489 -0.0576062 -0.0241902 0.9980385
6.133333 -0.2252598 -0.1553107 0.5797709 -0.0031955 -0.0644370 -0.0267991 0.9975567
6.400000 -0.2459338 -0.1640994 0.6189276 -0.0008274 -0.0803507 -0.0339101 0.9961894
6.533333 -0.2569280 -0.1679048 0.6381934 0.0008240 -0.0874946 -0.0375283 0.9954575
6.666667 -0.2690891 -0.1725237 0.6582904 0.0021349 -0.0946475 -0.0411165 0.9946591
6.800000 -0.2815554 -0.1771029 0.6783587 0.0032882 -0.1018818 -0.0443966 0.9937999
6.966667 -0.2979602 -0.1826672 0.7038949 0.0051404 -0.1108502 -0.0491424 0.9926081
7.133333 -0.3142909 -0.1879460 0.7271684 0.0065797 -0.1194267 -0.0530768 0.9914015
7.300000 -0.3317902 -0.1931450 0.7514120 0.0084528 -0.1273921 -0.0575239 0.9901469
7.500000 -0.3532618 -0.2003391 0.7800387 0.0091795 -0.1366878 -0.0609180 0.9886967
7.666667 -0.3716370 -0.2068707 0.8047146 0.0097854 -0.1441288 -0.0636578 0.9874608
7.833333 -0.3910366 -0.2123701 0.8283400 0.0110153 -0.1500259 -0.0662203 0.9864004
8.000000 -0.4095501 -0.2184636 0.8518691 0.0117563 -0.1557928 -0.0685595 0.9853375
8.166667 -0.4285140 -0.2245022 0.8743702 0.0118023 -0.1614980 -0.0705643 0.9842763
8.333333 -0.4478321 -0.2306067 0.8973194 0.0122643 -0.1660693 -0.0723577 0.9833794
8.533333 -0.4708058 -0.2379026 0.9235917 0.0127708 -0.1697245 -0.0735735 0.9826584
8.733333 -0.4938618 -0.2451747 0.9504714 0.0133566 -0.1727598 -0.0752207 0.9819967
8.933333 -0.5169368 -0.2531176 0.9771175 0.0139055 -0.1755920 -0.0761793 0.9814126
9.166667 -0.5428861 -0.2625468 1.0077568 0.0137961 -0.1782772 -0.0769160 0.9808725
9.366667 -0.5638130 -0.2694663 1.0315145 0.0140487 -0.1803150 -0.0775669 0.9804451
9.566667 -0.5853111 -0.2765364 1.0551897 0.0141109 -0.1821795 -0.0775999 0.9800968
9.733333 -0.6028191 -0.2824161 1.0738775 0.0136041 -0.1835715 -0.0777003 0.9798363
10.100000 -0.6394915 -0.2934443 1.1118549 0.0137484 -0.1840994 -0.0771424 0.9797793
10.266667 -0.6566477 -0.2984517 1.1303884 0.0146449 -0.1843160 -0.0771698 0.9797234
10.466667 -0.6771718 -0.3055253 1.1513075 0.0136094 -0.1839902 -0.0764556 0.9798556
10.633333 -0.6924267 -0.3105001 1.1668205 0.0132819 -0.1835169 -0.0760384 0.9799813
11.000000 -0.7228881 -0.3210352 1.1998955 0.0124120 -0.1828042 -0.0753611 0.9801782
11.166667 -0.7351493 -0.3254297 1.2132396 0.0120145 -0.1821244 -0.0749266 0.9803430
11.333333 -0.7469481 -0.3299143 1.2258198 0.0110970 -0.1814282 -0.0743431 0.9805273
11.500000 -0.7578064 -0.3335201 1.2377673 0.0109098 -0.1806649 -0.0738341 0.9807088
11.700000 -0.7682549 -0.3371174 1.2496508 0.0106172 -0.1799722 -0.0733490 0.9808757
11.866667 -0.7765058 -0.3399944 1.2589489 0.0102017 -0.1793568 -0.0728570 0.9810295
12.066667 -0.7859787 -0.3431320 1.2697723 0.0100240 -0.1786325 -0.0724445 0.9811940
12.266667 -0.7943904 -0.3463280 1.2783045 0.0088502 -0.1773692 -0.0717450 0.9814859
12.466667 -0.8019502 -0.3494357 1.2872339 0.0080835 -0.1766309 -0.0713798 0.9816523
12.633333 -0.8068401 -0.3508908 1.2924782 0.0079807 -0.1759119 -0.0710532 0.9818059
